0 0 0
1 0 1
2 0 3
3 3 0
4 3 3
5 2 3
6 0 0
7 3 3
8 2 0
9 1 0
10 3 0
11 0 2
12 0 0
13 1 0
14 2 2
15 2 3
16 1 3
17 0 1
18 3 1
19 0 3
20 2 2
21 2 3
22 0 2
23 0 0
24 3 0
25 2 0
26 0 3
27 3 2
28 3 1
29 0 2
30 3 0
31 3 3
32 2 0
33 1 0
34 2 3
35 3 2
36 0 0
37 3 0
38 3 3
39 1 0
40 3 1
41 2 3
42 3 3
43 3 0
44 0 0
45 2 0
46 3 0
47 0 3
48 0 2
49 2 0
50 3 1
51 2 3
52 3 0
53 1 3
54 1 0
55 0 1
56 2 0
57 0 3
58 0 0
59 0 1
60 0 0
61 3 0
62 0 2
63 3 2
64 3 3
65 1 1
66 0 3
67 0 1
68 2 0
69 3 0
70 1 0
71 3 1
72 2 3
73 3 0
74 3 3
75 2 0
76 0 0
77 0 1
78 1 0
79 2 3
# colocadas=80 ocupadas=6 mayor=105
