0 1 1
1 0 1
2 1 2
3 1 3
4 0 3
5 1 2
6 1 3
7 0 0
8 0 3
9 1 1
10 0 2
11 1 0
12 0 3
13 0 2
14 0 3
15 0 0
16 1 2
17 1 1
18 0 2
19 0 3
20 1 2
21 0 1
22 0 0
23 0 1
24 0 0
25 0 2
26 0 3
27 1 1
28 1 2
29 0 2
30 0 3
31 1 1
32 1 2
33 0 2
34 0 3
35 0 2
36 0 3
37 1 1
38 0 1
39 1 3
40 0 0
41 0 1
42 0 0
43 2 1
44 1 1
45 0 1
46 1 0
47 0 3
48 1 3
49 0 2
50 0 1
51 0 2
52 0 1
53 2 0
54 0 3
55 0 0
56 2 1
57 1 1
58 1 2
59 1 1
60 1 2
61 0 1
62 2 2
63 1 3
64 2 1
65 2 0
66 1 0
67 2 0
68 1 0
69 0 2
70 2 3
71 0 1
72 2 0
73 1 3
74 0 3
75 1 3
76 0 0
77 0 3
78 2 1
79 0 2
# colocadas=80 ocupadas=3 mayor=154
