0 1 1
1 2 2
2 2 3
3 1 3
4 0 1
5 0 3
6 1 3
7 2 1
8 2 0
9 0 3
10 1 0
11 1 3
12 0 2
13 0 0
14 0 1
15 1 0
16 0 3
17 2 0
18 1 3
19 1 0
20 0 3
21 2 0
22 1 3
23 0 0
24 2 1
25 0 1
26 0 0
27 1 1
28 0 3
29 1 2
30 0 2
31 1 1
32 2 1
33 1 1
34 0 3
35 1 2
36 0 2
37 0 3
38 1 1
39 0 1
40 1 0
41 0 0
42 1 1
43 0 2
44 2 1
45 0 3
46 0 2
47 1 1
48 1 0
49 0 0
50 1 0
51 2 1
52 0 1
53 0 2
54 0 1
55 2 2
56 1 2
57 0 0
58 2 0
59 0 2
60 0 1
61 0 0
62 0 3
63 2 1
64 0 1
65 0 0
66 0 1
67 1 3
68 0 3
69 0 0
70 1 1
71 0 2
72 2 1
73 1 0
74 0 1
75 2 2
76 2 0
77 1 0
78 2 0
79 0 0
# colocadas=80 ocupadas=3 mayor=155
