0 1 1
1 0 1
2 0 0
3 1 1
4 2 2
5 2 3
6 1 2
7 3 3
8 0 2
9 0 3
10 0 2
11 1 0
12 0 1
13 0 2
14 2 3
15 1 3
16 0 0
17 1 0
18 0 1
19 2 0
20 0 3
21 1 3
22 1 0
23 0 2
24 0 1
25 0 2
26 0 0
27 2 3
28 1 3
29 1 0
30 0 1
31 0 3
32 0 0
33 0 1
34 1 3
35 0 3
36 0 0
37 0 1
38 1 3
39 0 2
40 0 1
41 0 3
42 1 3
43 0 2
44 0 1
45 0 2
46 0 1
47 2 0
48 1 0
49 0 2
50 2 3
51 1 3
52 0 1
53 2 0
54 0 0
55 2 1
56 0 1
57 2 0
58 1 0
59 2 0
60 1 0
61 0 2
62 0 0
63 2 3
64 1 3
65 0 3
66 0 1
67 0 0
68 0 2
69 0 1
70 0 2
71 0 1
72 0 3
73 1 1
74 0 2
75 2 1
76 1 0
77 0 0
78 1 1
79 0 3
# colocadas=80 ocupadas=3 mayor=177
