0 1 1
1 0 0
2 2 2
3 2 3
4 1 2
5 3 3
6 2 3
7 2 1
8 0 3
9 0 1
10 2 0
11 0 0
12 3 1
13 0 2
14 3 2
15 0 3
16 3 3
17 2 1
18 2 3
19 2 0
20 0 1
21 0 2
22 1 3
23 3 1
24 1 0
25 2 2
26 3 0
27 0 3
28 1 2
29 1 3
30 0 0
31 2 0
32 1 0
33 2 0
34 0 2
35 2 3
36 0 3
37 0 1
38 3 3
39 3 1
40 2 3
41 3 2
42 1 0
43 0 0
44 3 3
45 0 2
46 0 1
47 2 3
48 2 1
49 3 1
50 2 1
51 2 0
52 0 3
53 0 0
54 0 2
55 1 3
56 3 0
57 0 1
58 2 2
59 2 0
60 0 2
61 0 3
62 3 0
63 2 1
64 0 2
65 1 0
66 0 0
67 2 0
68 3 0
69 0 3
70 1 1
71 2 0
72 2 2
73 0 1
74 2 3
75 3 2
76 1 3
77 0 0
78 0 1
79 3 0
# colocadas=80 ocupadas=6 mayor=94
