0 1 1
1 0 1
2 1 2
3 0 3
4 2 2
5 1 0
6 1 2
7 0 0
8 2 2
9 1 1
10 0 2
11 1 0
12 2 3
13 0 3
14 0 2
15 0 0
16 2 0
17 3 0
18 1 3
19 0 3
20 2 1
21 0 1
22 1 0
23 0 0
24 0 1
25 0 2
26 0 3
27 2 2
28 2 1
29 1 2
30 2 2
31 3 1
32 3 0
33 1 3
34 3 2
35 0 3
36 1 3
37 3 1
38 2 0
39 0 3
40 1 0
41 0 0
42 0 2
43 3 0
44 1 1
45 1 0
46 2 1
47 3 3
48 2 3
49 0 0
50 1 0
51 0 0
52 1 0
53 1 1
54 2 2
55 0 1
56 3 1
57 3 0
58 1 2
59 1 3
60 1 2
61 0 0
62 2 0
63 1 3
64 3 0
65 2 0
66 3 0
67 2 0
68 0 2
69 1 0
70 3 2
71 0 0
72 0 3
73 1 2
74 3 1
75 2 2
76 1 0
77 1 2
78 2 1
79 1 3
# colocadas=80 ocupadas=6 mayor=85
