0 1 1
1 0 1
2 0 0
3 1 1
4 1 3
5 0 3
6 1 2
7 0 4
8 0 2
9 1 2
10 0 2
11 1 0
12 0 1
13 0 2
14 0 5
15 0 4
16 0 0
17 1 0
18 0 1
19 2 0
20 0 3
21 0 4
22 1 0
23 0 2
24 0 1
25 0 2
26 0 0
27 0 5
28 0 4
29 1 0
30 0 1
31 0 3
32 0 0
33 0 1
34 0 4
35 0 3
36 0 0
37 0 1
38 0 4
39 0 2
40 0 1
41 0 3
42 0 4
43 0 2
44 0 1
45 0 2
46 0 1
47 2 0
48 1 0
49 0 2
50 0 5
51 0 4
52 0 1
53 2 0
54 0 0
55 2 1
56 0 1
57 2 0
58 1 0
59 2 0
60 1 0
61 0 2
62 0 0
63 0 5
64 0 4
65 1 2
66 0 1
67 0 0
68 0 2
69 1 2
70 0 2
71 1 2
72 0 3
73 1 1
74 0 2
75 2 1
76 1 0
77 0 0
78 1 1
79 0 3
80 1 2
81 1 1
82 1 2
83 1 1
84 0 2
85 0 3
86 0 1
87 1 0
88 0 0
89 0 1
90 2 0
91 0 4
92 0 0
93 0 3
94 0 1
95 0 0
96 0 2
97 2 1
98 1 1
99 1 0
100 0 0
101 2 1
102 1 0
103 0 1
104 0 0
105 1 0
106 0 0
107 1 0
108 0 0
109 0 2
110 1 1
111 0 3
112 0 1
113 0 4
114 1 0
115 0 2
116 0 0
117 0 5
118 0 3
119 0 1
120 1 5
121 0 5
122 0 0
123 0 1
124 1 5
125 0 4
126 0 0
127 2 5
128 0 1
129 0 0
130 0 1
131 1 5
132 0 3
133 0 4
134 0 0
135 0 3
136 0 2
137 0 5
138 1 0
139 0 1
140 2 0
141 1 0
142 0 2
143 0 4
144 0 5
145 0 1
146 0 2
147 0 1
148 2 0
149 1 0
150 2 0
151 1 0
152 2 0
153 1 0
154 2 0
155 0 0
156 0 4
157 0 3
158 0 2
159 0 3
160 0 1
161 0 0
162 0 1
163 0 0
164 0 2
165 0 1
166 1 0
167 0 3
168 2 0
169 0 4
170 0 0
171 0 3
172 0 1
173 0 4
174 0 3
175 1 0
176 0 0
177 0 2
178 1 1
179 0 3
# colocadas=180 ocupadas=3 mayor=342
