0 1 1
1 1 3
2 0 3
3 0 2
4 1 0
5 0 1
6 0 2
7 1 3
8 1 4
9 0 1
10 0 4
11 0 2
12 0 0
13 0 5
14 1 0
15 0 4
16 0 1
17 0 3
18 0 0
19 0 2
20 0 1
21 0 3
22 0 0
23 1 1
24 0 2
25 2 1
26 1 1
27 0 3
28 0 1
29 0 4
30 0 0
31 0 3
32 0 2
33 0 3
34 0 1
35 0 4
36 0 0
37 0 1
38 0 3
39 1 0
40 0 4
41 2 0
42 0 3
43 0 0
44 0 2
45 0 1
46 0 0
47 0 3
48 2 1
49 1 1
50 1 2
51 0 4
52 0 1
53 0 0
54 0 1
55 0 3
56 0 4
57 0 0
58 0 2
59 0 5
60 1 0
61 0 0
62 0 4
63 1 2
64 0 1
65 0 0
66 0 1
67 0 3
68 0 4
69 0 0
70 0 2
71 0 5
72 0 3
73 0 1
74 1 5
75 0 4
76 0 0
77 0 1
78 0 0
79 2 5
80 0 1
81 0 3
82 0 4
83 1 5
84 2 5
85 1 5
86 0 0
87 0 1
88 0 3
89 0 0
90 0 1
91 0 4
92 0 3
93 0 5
94 1 3
95 0 3
96 1 3
97 0 3
98 1 5
99 0 0
100 0 5
101 1 5
102 0 5
103 0 1
104 1 5
105 0 0
106 0 5
107 0 2
108 0 3
109 0 2
110 0 3
111 0 1
112 1 5
113 0 0
114 0 2
115 0 5
116 0 4
117 0 5
118 0 3
119 0 2
120 0 3
121 0 2
122 0 4
123 0 5
124 1 0
125 0 4
126 0 0
127 1 0
128 0 0
129 1 0
130 0 1
131 2 0
132 1 0
133 0 2
134 0 5
135 0 0
136 1 0
137 0 0
138 0 3
139 1 5
140 0 2
141 0 3
142 0 5
143 0 1
144 1 5
145 0 0
146 0 1
147 0 4
148 0 3
149 0 4
150 0 3
151 0 4
152 0 3
153 0 4
154 0 0
155 2 5
156 0 3
157 0 2
158 1 0
159 0 0
160 0 3
161 0 1
162 0 4
163 0 3
164 0 4
165 0 3
166 0 4
167 1 5
168 0 3
169 0 0
170 0 5
171 0 2
172 1 0
173 0 4
174 0 5
175 0 4
176 0 0
177 1 2
178 0 2
179 1 2
# colocadas=180 ocupadas=3 mayor=323
