0 1 1
1 1 3
2 2 2
3 2 4
4 3 2
5 4 1
6 4 3
7 2 1
8 4 4
9 4 0
10 2 5
11 1 1
12 3 4
13 4 3
14 1 5
15 2 3
16 0 2
17 0 3
18 3 1
19 4 2
20 2 0
21 2 2
22 4 5
23 2 3
24 1 2
25 1 4
26 1 5
27 1 0
28 2 0
29 2 4
30 2 1
31 0 1
32 0 4
33 3 2
34 3 4
35 4 2
36 2 5
37 1 4
38 4 4
39 3 5
40 5 4
41 5 3
42 3 3
43 0 4
44 1 0
45 1 5
46 2 0
47 2 4
48 2 3
49 1 4
50 1 5
51 5 4
52 1 4
53 1 0
54 3 1
55 3 4
56 0 2
57 0 1
58 2 0
59 5 0
60 1 0
61 5 3
62 0 3
63 2 5
64 0 4
65 0 3
66 0 4
67 0 2
68 2 0
69 1 3
70 2 1
71 1 4
72 4 0
73 3 5
74 3 1
75 3 2
76 1 5
77 4 5
78 0 1
79 5 5
80 0 3
81 4 4
82 3 4
83 1 1
84 0 4
85 4 3
86 4 1
87 0 3
88 0 2
89 1 2
90 3 5
91 5 4
92 4 4
93 0 1
94 5 0
95 4 3
96 3 1
97 4 0
98 0 4
99 4 2
100 2 4
101 1 1
102 0 3
103 4 4
104 4 1
105 4 0
106 1 0
107 2 3
108 5 1
109 5 4
110 0 4
111 3 0
112 1 4
113 3 4
114 1 5
115 4 0
116 2 0
117 3 2
118 2 5
119 5 3
120 1 4
121 0 1
122 4 3
123 4 4
124 1 5
125 3 1
126 1 1
127 5 0
128 2 5
129 3 2
130 3 5
131 0 4
132 4 3
133 1 3
134 3 0
135 4 0
136 0 2
137 0 5
138 5 2
139 0 1
140 2 1
141 1 2
142 3 4
143 0 4
144 1 5
145 5 3
146 2 5
147 2 0
148 4 1
149 1 3
150 1 5
151 1 1
152 2 5
153 1 5
154 2 5
155 5 1
156 2 2
157 1 4
158 5 0
159 3 3
160 4 5
161 3 1
162 4 2
163 0 1
164 1 0
165 3 0
166 3 4
167 1 5
168 4 4
169 2 5
170 5 1
171 3 1
172 4 1
173 1 5
174 4 3
175 1 2
176 2 1
177 5 2
178 2 0
179 1 3
# colocadas=180 ocupadas=12 mayor=117
