0 0 0
1 0 2
2 0 4
3 1 1
4 1 3
5 2 3
6 1 5
7 2 0
8 3 1
9 3 4
10 1 2
11 0 1
12 3 5
13 0 5
14 4 2
15 4 3
16 4 0
17 0 0
18 3 2
19 1 4
20 4 4
21 4 3
22 2 4
23 0 4
24 3 1
25 3 2
26 1 4
27 2 1
28 5 1
29 3 0
30 1 1
31 4 4
32 4 2
33 2 5
34 3 3
35 2 2
36 3 5
37 4 1
38 2 3
39 2 5
40 1 0
41 3 4
42 4 4
43 1 1
44 3 5
45 4 2
46 3 2
47 2 0
48 0 1
49 1 0
50 4 1
51 4 3
52 0 0
53 3 0
54 0 5
55 1 1
56 3 3
57 2 0
58 0 3
59 0 2
60 0 1
61 3 4
62 1 3
63 3 2
64 5 3
65 0 4
66 2 1
67 1 1
68 4 4
69 1 0
70 2 5
71 0 0
72 5 2
73 1 0
74 3 3
75 1 5
76 0 1
77 0 2
78 2 5
79 5 3
80 1 5
81 4 5
82 3 5
83 0 0
84 4 0
85 4 2
86 2 3
87 1 0
88 1 3
89 2 3
90 0 5
91 5 4
92 3 1
93 5 2
94 0 1
95 0 2
96 4 3
97 0 0
98 1 0
99 2 1
100 1 1
101 1 4
102 0 3
103 5 1
104 3 2
105 0 2
106 1 3
107 0 3
108 0 1
109 3 0
110 1 5
111 5 5
112 2 2
113 4 1
114 2 4
115 0 0
116 3 4
117 5 3
118 0 2
119 2 5
120 4 5
121 4 3
122 1 1
123 1 0
124 3 1
125 0 1
126 2 0
127 3 0
128 0 5
129 2 4
130 0 4
131 3 3
132 1 0
133 0 0
134 1 0
135 2 1
136 2 2
137 4 3
138 3 4
139 0 3
140 2 4
141 1 1
142 0 2
143 3 3
144 2 0
145 3 2
146 0 1
147 0 0
148 1 2
149 0 5
150 3 5
151 1 5
152 0 5
153 1 5
154 1 4
155 0 4
156 2 3
157 4 4
158 4 0
159 2 4
160 0 1
161 0 3
162 0 4
163 0 2
164 2 1
165 0 3
166 0 4
167 3 0
168 0 5
169 4 3
170 0 1
171 4 4
172 1 1
173 4 3
174 4 0
175 0 2
176 1 3
177 3 0
178 0 3
179 1 4
# colocadas=180 ocupadas=12 mayor=103
