0 1 1
1 1 3
2 0 0
3 0 1
4 2 2
5 0 2
6 2 4
7 0 0
8 3 1
9 1 4
10 1 0
11 3 3
12 0 5
13 5 0
14 0 4
15 4 0
16 2 5
17 5 5
18 0 1
19 4 5
20 3 4
21 5 0
22 0 2
23 0 5
24 5 5
25 0 1
26 4 2
27 3 0
28 3 5
29 5 1
30 1 3
31 1 1
32 5 4
33 1 0
34 0 3
35 3 1
36 2 5
37 3 3
38 3 0
39 4 1
40 5 2
41 4 2
42 4 4
43 3 4
44 3 1
45 0 4
46 1 4
47 5 1
48 0 2
49 2 3
50 2 2
51 4 5
52 1 5
53 3 3
54 0 3
55 5 0
56 1 1
57 2 5
58 0 1
59 4 4
60 3 5
61 1 3
62 1 0
63 1 2
64 2 5
65 2 3
66 3 3
67 4 5
68 2 0
69 0 3
70 2 2
71 4 4
72 5 2
73 2 4
74 4 0
75 4 2
76 1 3
77 1 4
78 2 4
79 1 0
80 3 4
81 5 2
82 0 2
83 4 3
84 5 0
85 4 0
86 0 3
87 1 3
88 5 1
89 1 4
90 3 3
91 2 1
92 5 2
93 3 2
94 1 1
95 0 4
96 0 5
97 0 1
98 2 2
99 0 3
100 4 1
101 4 4
102 3 1
103 1 3
104 4 5
105 2 4
106 4 1
107 0 4
108 0 2
109 0 5
110 5 3
111 0 4
112 2 1
113 2 5
114 0 1
115 4 4
116 2 0
117 3 0
118 0 2
119 1 5
120 1 0
121 5 2
122 4 0
123 3 0
124 1 2
125 4 2
126 1 4
127 2 2
128 2 3
129 0 4
130 0 1
131 1 3
132 1 2
133 0 0
134 4 1
135 2 4
136 1 3
137 3 2
138 1 0
139 2 2
140 5 3
141 0 2
142 4 5
143 0 5
144 4 0
145 0 4
146 2 3
147 4 3
148 1 1
149 0 1
150 5 3
151 2 5
152 4 3
153 0 2
154 1 3
155 3 0
156 5 3
157 1 0
158 0 5
159 0 4
160 4 3
161 0 5
162 1 5
163 2 5
164 5 3
165 4 3
166 1 1
167 2 0
168 0 1
169 3 3
170 3 1
171 0 2
172 3 4
173 5 5
174 4 5
175 3 2
176 1 4
177 1 2
178 2 4
179 2 5
# colocadas=180 ocupadas=12 mayor=90
