0 1 1
1 0 1
2 0 3
3 0 5
4 1 2
5 2 2
6 1 4
7 1 0
8 1 5
9 2 4
10 0 5
11 0 0
12 1 4
13 2 4
14 1 2
15 2 2
16 0 2
17 0 1
18 0 4
19 0 3
20 1 2
21 2 2
22 1 3
23 2 5
24 0 5
25 0 4
26 1 2
27 2 0
28 1 0
29 1 3
30 0 5
31 2 1
32 0 4
33 1 5
34 2 2
35 2 0
36 2 5
37 0 5
38 3 2
39 2 4
40 0 4
41 2 2
42 3 2
43 0 5
44 2 5
45 0 4
46 0 5
47 0 3
48 0 0
49 1 5
50 2 1
51 3 3
52 0 5
53 0 2
54 2 4
55 1 0
56 0 4
57 0 1
58 2 0
59 1 0
60 0 0
61 0 3
62 0 2
63 1 1
64 3 2
65 1 4
66 1 2
67 0 1
68 0 4
69 0 3
70 1 5
71 0 4
72 3 1
73 0 3
74 3 0
75 0 5
76 0 0
77 0 1
78 1 5
79 2 0
80 0 5
81 0 4
82 0 3
83 0 4
84 1 0
85 0 0
86 1 3
87 0 3
88 1 2
89 2 2
90 1 5
91 3 0
92 1 2
93 1 0
94 0 0
95 0 1
96 3 1
97 0 4
98 0 3
99 0 0
100 0 1
101 0 5
102 0 0
103 2 0
104 1 1
105 0 1
106 1 2
107 0 0
108 0 1
109 1 0
110 1 5
111 2 1
112 1 3
113 0 0
114 0 5
115 0 2
116 1 5
117 1 1
118 0 1
119 0 4
120 2 1
121 2 0
122 0 3
123 0 4
124 1 0
125 0 2
126 0 5
127 0 0
128 2 5
129 2 4
130 2 5
131 2 1
132 0 1
133 0 2
134 0 4
135 2 3
136 1 3
137 1 1
138 1 5
139 2 3
140 2 5
141 0 5
142 0 3
143 1 2
144 0 1
145 3 3
146 1 3
147 0 3
148 0 4
149 1 5
150 0 5
151 1 4
152 2 4
153 1 4
154 2 4
155 3 2
156 2 2
157 1 2
158 0 0
159 1 1
160 0 2
161 2 2
162 3 2
163 0 3
164 0 1
165 2 2
166 1 4
167 0 0
168 2 4
169 0 1
170 1 3
171 0 2
172 1 4
173 0 3
174 0 1
175 1 5
176 1 2
177 0 0
178 2 3
179 0 2
# colocadas=180 ocupadas=6 mayor=175
