0 0 0
1 0 1
2 0 0
3 1 1
4 1 0
5 0 0
6 2 0
7 0 2
8 1 0
9 0 1
10 1 2
11 0 3
12 1 1
13 1 3
14 1 2
15 1 3
16 0 2
17 0 3
18 2 1
19 1 1
20 0 2
21 1 2
22 1 3
23 2 2
24 1 2
25 0 1
26 1 1
27 0 1
28 0 2
29 3 1
30 2 1
31 0 4
32 1 4
33 1 0
34 1 1
35 2 0
36 2 1
37 2 4
38 1 4
39 2 2
40 1 3
41 1 4
42 1 3
43 3 4
44 0 1
45 2 4
46 0 2
47 2 1
48 1 1
49 1 4
50 2 4
51 1 4
52 2 4
53 1 2
54 2 1
55 1 4
56 3 3
57 3 4
58 1 1
59 1 2
60 1 1
61 2 3
62 4 4
63 3 2
64 3 4
65 2 4
66 3 4
67 2 4
68 1 2
69 2 2
70 1 1
71 2 1
72 2 2
73 3 1
74 1 2
75 4 1
76 3 1
77 4 2
78 3 4
79 4 3
80 2 4
81 1 3
82 1 4
83 3 4
84 2 4
85 4 1
86 1 3
87 3 4
88 2 4
89 1 4
90 2 4
91 3 3
92 3 1
93 4 4
94 3 2
95 2 1
96 4 3
97 1 2
98 3 4
99 1 1
100 1 3
101 4 4
102 3 4
103 4 2
104 1 2
105 2 2
106 3 3
107 3 2
108 4 3
109 4 1
110 3 3
111 2 2
112 1 2
113 2 3
114 1 1
115 1 2
116 4 2
117 3 1
118 2 1
119 3 2
120 3 4
121 3 3
122 2 2
123 2 1
124 2 2
125 3 1
126 1 3
127 1 1
128 2 3
129 2 1
130 1 2
131 3 2
132 3 1
133 2 1
134 4 3
135 2 2
136 4 2
137 3 2
138 4 2
139 3 3
140 1 3
141 3 2
142 1 2
143 3 4
144 2 2
145 2 1
146 2 3
147 2 2
148 3 3
149 4 3
150 2 4
151 3 3
152 1 4
153 1 3
154 1 4
155 3 2
156 3 1
157 4 2
158 2 1
159 2 3
160 1 3
161 2 2
162 3 2
163 3 4
164 2 4
165 2 3
166 1 4
167 1 2
168 2 2
169 1 2
170 2 2
171 2 1
172 2 2
173 1 1
174 4 1
175 3 1
176 2 0
177 2 1
178 1 3
179 2 3
# colocadas=180 ocupadas=6 mayor=177
