0 1 1
1 0 0
2 1 3
3 0 3
4 1 2
5 0 4
6 0 3
7 1 4
8 0 5
9 0 1
10 2 4
11 0 0
12 2 1
13 1 5
14 2 0
15 0 5
16 0 2
17 1 4
18 0 3
19 2 4
20 0 1
21 1 5
22 0 4
23 1 0
24 2 3
25 0 2
26 2 0
27 2 5
28 0 5
29 3 5
30 0 0
31 1 3
32 1 4
33 1 3
34 0 4
35 2 5
36 0 5
37 0 1
38 2 4
39 1 0
40 2 5
41 2 0
42 1 4
43 0 0
44 3 5
45 0 4
46 1 0
47 2 5
48 0 1
49 0 2
50 0 1
51 1 3
52 0 5
53 0 0
54 0 4
55 1 5
56 1 2
57 0 3
58 1 1
59 2 2
60 0 2
61 0 3
62 2 3
63 1 2
64 0 4
65 0 1
66 0 0
67 2 4
68 2 3
69 0 3
70 1 1
71 2 2
72 3 0
73 0 1
74 0 5
75 2 0
76 1 3
77 0 0
78 0 1
79 3 2
80 0 0
81 3 0
82 2 1
83 3 3
84 0 4
85 0 5
86 0 3
87 0 2
88 4 0
89 1 0
90 0 0
91 1 1
92 3 0
93 0 4
94 2 1
95 4 0
96 3 0
97 1 1
98 0 5
99 0 3
100 1 5
101 2 3
102 0 5
103 0 2
104 1 3
105 0 3
106 1 5
107 2 0
108 1 2
109 2 1
110 2 0
111 0 1
112 0 5
113 0 4
114 2 2
115 0 3
116 1 3
117 0 3
118 1 2
119 1 0
120 2 2
121 2 0
122 1 3
123 1 2
124 0 3
125 1 5
126 0 0
127 0 4
128 0 1
129 0 0
130 2 3
131 0 1
132 0 0
133 2 4
134 0 5
135 0 3
136 0 1
137 1 3
138 2 5
139 0 4
140 1 0
141 1 5
142 2 2
143 0 2
144 2 1
145 0 1
146 0 2
147 0 0
148 2 5
149 1 5
150 1 0
151 0 0
152 1 0
153 2 5
154 0 1
155 2 2
156 2 0
157 1 5
158 0 0
159 0 1
160 1 0
161 0 2
162 0 0
163 1 0
164 0 0
165 1 0
166 2 5
167 2 1
168 1 5
169 2 3
170 0 3
171 0 5
172 2 4
173 2 2
174 2 1
175 1 3
176 0 1
177 0 4
178 0 0
179 1 0
# colocadas=180 ocupadas=6 mayor=163
