0 0 0
1 0 7
2 1 1
3 1 2
4 7 0
5 0 2
6 7 7
7 1 1
8 0 4
9 0 6
10 2 1
11 1 7
12 1 3
13 1 5
14 2 3
15 2 5
16 6 7
17 3 2
18 1 2
19 4 2
20 2 7
21 1 5
22 0 2
23 1 3
24 3 2
25 1 0
26 3 0
27 0 3
28 7 7
29 2 5
30 0 7
31 1 1
32 2 2
33 2 1
34 0 1
35 0 4
36 6 7
37 3 7
38 0 5
39 4 0
40 2 4
41 3 0
42 3 2
43 2 7
44 0 4
45 0 2
46 0 6
47 2 5
48 0 0
49 6 0
50 7 0
51 3 3
52 7 7
53 1 7
54 1 2
55 1 5
56 2 0
57 6 7
58 0 1
59 3 2
60 7 7
61 0 2
62 1 0
63 6 0
64 6 7
65 2 7
66 1 7
67 2 2
68 0 0
69 0 3
70 7 0
71 2 1
72 4 0
73 0 7
74 2 5
75 3 0
76 0 2
77 0 6
78 0 5
79 1 0
80 0 7
81 4 0
82 0 0
83 2 2
84 2 4
85 2 5
86 0 1
87 0 2
88 3 0
89 1 5
90 0 6
91 6 0
92 4 0
93 0 5
94 7 0
95 1 4
96 1 3
97 0 1
98 0 4
99 0 3
100 2 4
101 2 1
102 3 4
103 0 2
104 2 2
105 7 7
106 2 4
107 0 3
108 0 0
109 1 3
110 3 0
111 1 6
112 0 5
113 6 7
114 0 1
115 2 1
116 0 0
117 1 0
118 0 0
119 0 3
120 6 0
121 4 0
122 2 0
123 1 0
124 1 2
125 1 4
126 1 7
127 0 2
128 0 7
129 2 7
130 0 1
131 0 6
132 0 7
133 7 0
134 2 4
135 7 7
136 1 7
137 1 2
138 6 0
139 0 6
140 3 0
141 0 0
142 2 2
143 3 7
144 1 1
145 4 7
146 2 7
147 2 0
148 7 0
149 0 1
150 3 0
151 0 4
152 2 0
153 0 0
154 1 7
155 0 1
156 3 0
157 6 0
158 3 7
159 4 7
160 2 0
161 3 7
162 0 3
163 0 4
164 3 0
165 2 0
166 7 0
167 0 2
168 0 1
169 1 3
170 2 5
171 0 0
172 6 7
173 3 2
174 2 2
175 0 7
176 1 6
177 6 0
178 0 5
179 0 4
180 0 6
181 1 4
182 1 7
183 3 0
184 2 7
185 2 0
186 7 0
187 0 7
188 3 5
189 4 7
190 2 3
191 4 6
192 6 0
193 3 0
194 2 0
195 3 0
196 7 0
197 4 7
198 2 6
199 2 7
200 6 0
201 2 0
202 1 2
203 7 0
204 0 3
205 7 7
206 5 7
207 3 0
208 0 2
209 4 7
210 0 4
211 1 0
212 2 4
213 4 0
214 3 6
215 0 0
216 1 0
217 5 7
218 0 6
219 1 3
220 0 0
221 1 0
222 0 7
223 3 7
224 0 6
225 0 0
226 7 6
227 1 0
228 0 7
229 6 7
230 2 6
231 7 5
232 7 7
233 0 5
234 0 4
235 7 4
236 0 0
237 0 5
238 1 6
239 1 4
240 0 3
241 1 3
242 1 2
243 0 1
244 6 7
245 2 2
246 0 0
247 6 0
248 0 2
249 1 4
250 1 3
251 2 6
252 7 0
253 0 4
254 6 0
255 4 7
256 2 1
257 2 7
258 0 1
259 1 2
260 1 0
261 7 0
262 7 7
263 1 3
264 0 0
265 2 0
266 5 0
267 3 0
268 1 0
269 6 7
270 7 1
271 0 5
272 0 6
273 7 3
274 0 0
275 0 7
276 0 3
277 7 7
278 6 7
279 1 0
280 1 5
281 7 4
282 7 3
283 4 6
284 0 0
285 7 0
286 7 2
287 7 3
288 3 7
289 7 7
290 7 2
291 1 1
292 0 2
293 2 0
294 1 2
295 6 7
296 0 1
297 0 0
298 6 0
299 7 7
300 2 7
301 0 1
302 4 7
303 7 1
304 7 0
305 6 0
306 4 0
307 4 1
308 0 3
309 2 6
310 4 0
311 3 7
312 7 2
313 2 7
314 0 4
315 1 3
316 1 6
317 4 7
318 0 5
319 5 7
# colocadas=320 ocupadas=12 mayor=172
