0 1 1
1 1 3
2 0 3
3 0 2
4 1 0
5 0 1
6 0 2
7 1 3
8 1 4
9 0 1
10 0 4
11 0 2
12 0 0
13 0 5
14 1 0
15 0 4
16 0 1
17 0 3
18 0 0
19 0 2
20 0 1
21 0 3
22 0 0
23 1 1
24 0 2
25 2 1
26 1 1
27 0 3
28 0 1
29 0 4
30 0 0
31 0 3
32 0 2
33 0 3
34 0 1
35 0 4
36 0 0
37 0 1
38 0 3
39 1 0
40 0 4
41 2 0
42 0 3
43 0 0
44 0 2
45 0 1
46 0 0
47 0 3
48 2 1
49 1 1
50 1 2
51 0 4
52 0 1
53 0 0
54 0 1
55 0 3
56 0 4
57 0 0
58 0 2
59 0 5
60 1 0
61 0 0
62 0 4
63 1 2
64 0 1
65 0 0
66 0 1
67 0 3
68 0 4
69 0 0
70 0 2
71 0 5
72 0 3
73 0 1
74 0 6
75 0 4
76 0 0
77 0 1
78 0 0
79 0 7
80 0 1
81 0 3
82 0 4
83 0 6
84 0 7
85 0 6
86 0 0
87 0 1
88 0 3
89 0 0
90 0 1
91 0 4
92 0 3
93 0 5
94 1 3
95 0 3
96 1 3
97 0 3
98 0 6
99 0 0
100 0 5
101 0 6
102 0 5
103 0 1
104 0 6
105 0 0
106 0 5
107 0 2
108 0 3
109 0 2
110 0 3
111 0 1
112 0 6
113 0 0
114 0 2
115 0 5
116 0 4
117 0 5
118 0 3
119 0 2
120 0 3
121 0 2
122 0 4
123 0 5
124 1 0
125 0 4
126 0 0
127 1 0
128 0 0
129 1 0
130 0 1
131 2 0
132 1 0
133 0 2
134 0 5
135 0 0
136 1 0
137 0 0
138 0 3
139 0 6
140 0 2
141 0 3
142 0 5
143 0 1
144 0 6
145 0 0
146 0 1
147 0 4
148 0 3
149 0 4
150 0 3
151 0 4
152 0 3
153 0 4
154 0 0
155 0 7
156 0 3
157 0 2
158 1 0
159 0 0
160 0 3
161 0 1
162 0 4
163 0 3
164 0 4
165 0 3
166 0 4
167 0 6
168 0 3
169 0 0
170 0 5
171 0 2
172 1 0
173 0 4
174 0 5
175 0 4
176 0 0
177 1 2
178 0 2
179 1 2
180 0 3
181 0 1
182 0 0
183 1 1
184 0 1
185 1 0
186 2 0
187 0 4
188 0 3
189 0 0
190 0 2
191 0 1
192 1 0
193 2 0
194 1 0
195 2 0
196 1 0
197 0 0
198 0 1
199 0 0
200 1 1
201 2 1
202 0 3
203 1 1
204 1 2
205 0 1
206 0 0
207 1 1
208 1 2
209 0 1
210 0 0
211 1 1
212 0 2
213 2 1
214 0 3
215 1 1
216 1 2
217 0 1
218 0 4
219 0 3
220 2 2
221 1 2
222 0 4
223 0 0
224 0 3
225 1 1
226 0 1
227 1 0
228 0 4
229 0 2
230 0 5
231 0 1
232 0 2
233 0 1
234 0 2
235 0 1
236 2 0
237 0 0
238 0 4
239 0 3
240 2 1
241 0 2
242 0 3
243 1 1
244 0 1
245 0 4
246 1 0
247 2 0
248 1 0
249 0 3
250 0 4
251 0 3
252 2 0
253 0 0
254 2 1
255 0 1
256 0 4
257 0 3
258 2 0
259 0 4
260 1 0
261 2 0
262 0 0
263 0 3
264 2 1
265 0 2
266 1 1
267 0 3
268 1 2
269 0 1
270 2 2
271 0 0
272 0 2
273 1 0
274 2 1
275 0 1
276 0 2
277 0 0
278 1 0
279 2 2
280 0 0
281 1 0
282 0 0
283 1 0
284 2 1
285 2 2
286 0 0
287 1 0
288 0 1
289 2 0
290 1 0
291 1 2
292 0 0
293 0 1
294 1 3
295 2 0
296 0 3
297 0 4
298 0 3
299 1 0
300 0 0
301 0 2
302 1 1
303 2 1
304 0 3
305 0 2
306 0 3
307 0 2
308 1 0
309 0 0
310 0 3
311 1 1
312 1 2
313 0 1
314 0 0
315 0 4
316 0 2
317 1 2
318 0 1
319 1 3
# colocadas=320 ocupadas=3 mayor=599
