0 1 1
1 0 1
2 1 2
3 0 3
4 2 2
5 1 4
6 1 2
7 0 0
8 1 1
9 1 5
10 0 2
11 1 0
12 2 1
13 0 1
14 0 2
15 0 0
16 1 3
17 2 3
18 1 1
19 0 3
20 0 5
21 0 1
22 0 7
23 0 0
24 0 1
25 0 2
26 0 3
27 1 5
28 0 5
29 1 0
30 2 0
31 2 2
32 1 2
33 0 4
34 1 0
35 0 3
36 0 4
37 1 3
38 1 7
39 0 3
40 0 7
41 1 7
42 0 0
43 1 2
44 0 6
45 2 7
46 0 5
47 2 0
48 2 1
49 1 7
50 0 7
51 1 7
52 0 7
53 1 5
54 2 0
55 0 1
56 2 2
57 1 2
58 0 5
59 1 5
60 0 5
61 1 7
62 2 2
63 1 3
64 3 2
65 2 2
66 3 2
67 2 2
68 0 4
69 0 7
70 1 0
71 0 6
72 0 3
73 1 4
74 2 0
75 1 5
76 0 7
77 0 5
78 1 2
79 1 5
80 2 2
81 0 0
82 0 1
83 1 2
84 2 2
85 0 6
86 1 0
87 1 2
88 0 0
89 0 1
90 0 0
91 1 4
92 0 5
93 2 2
94 0 2
95 0 6
96 0 4
97 1 1
98 2 3
99 0 7
100 2 1
101 1 3
102 2 3
103 0 5
104 1 1
105 2 1
106 0 3
107 1 1
108 0 2
109 0 4
110 1 3
111 2 1
112 0 6
113 1 0
114 0 7
115 2 2
116 0 1
117 0 5
118 1 7
119 0 4
120 0 3
121 1 3
122 0 7
123 0 6
124 0 7
125 0 5
126 2 0
127 3 2
128 1 7
129 0 4
130 1 0
131 1 2
132 0 3
133 3 1
134 0 0
135 2 1
136 0 2
137 1 2
138 0 1
139 1 3
140 0 0
141 2 0
142 1 0
143 1 2
144 0 7
145 0 4
146 0 6
147 0 0
148 2 1
149 2 0
150 0 7
151 1 3
152 0 6
153 0 7
154 0 6
155 0 2
156 1 4
157 2 1
158 0 3
159 0 1
160 0 5
161 0 2
162 2 0
163 2 3
164 0 0
165 0 3
166 0 1
167 0 6
168 0 5
169 0 6
170 0 2
171 0 3
172 1 0
173 0 5
174 1 5
175 1 4
176 0 2
177 0 3
178 0 0
179 1 1
180 1 5
181 0 2
182 0 3
183 0 6
184 2 2
185 2 3
186 0 2
187 1 4
188 0 3
189 1 5
190 1 2
191 0 7
192 0 4
193 0 1
194 0 6
195 0 7
196 1 6
197 0 0
198 2 4
199 0 6
200 1 5
201 2 5
202 0 2
203 0 7
204 1 2
205 0 2
206 0 6
207 1 5
208 1 2
209 0 2
210 1 2
211 0 7
212 0 1
213 0 3
214 2 3
215 1 1
216 2 2
217 0 4
218 0 3
219 0 0
220 0 5
221 0 2
222 0 4
223 1 0
224 0 0
225 0 6
226 1 4
227 0 4
228 0 3
229 0 1
230 0 0
231 0 1
232 1 2
233 1 4
234 2 2
235 1 1
236 0 1
237 0 5
238 1 3
239 0 0
240 2 1
241 0 1
242 0 3
243 0 2
244 1 3
245 0 3
246 0 6
247 1 4
248 0 4
249 0 3
250 0 0
251 0 1
252 0 0
253 1 2
254 0 1
255 2 2
256 0 5
257 0 0
258 0 6
259 0 5
260 1 2
261 0 6
262 0 4
263 0 7
264 0 2
265 0 5
266 0 4
267 1 0
268 0 5
269 2 2
270 1 7
271 0 7
272 1 7
273 2 1
274 0 7
275 1 3
276 1 4
277 0 4
278 1 3
279 0 6
280 2 3
281 3 1
282 1 3
283 2 1
284 0 7
285 2 3
286 1 3
287 0 0
288 2 3
289 0 6
290 1 1
291 0 3
292 1 2
293 2 4
294 0 5
295 0 4
296 2 3
297 0 7
298 0 2
299 1 2
300 0 3
301 0 2
302 0 4
303 1 0
304 0 5
305 0 1
306 2 4
307 0 0
308 0 4
309 0 2
310 0 1
311 0 6
312 0 0
313 2 3
314 1 2
315 2 0
316 0 2
317 1 3
318 2 3
319 1 2
# colocadas=320 ocupadas=6 mayor=297
