0 1 1
1 1 3
2 1 5
3 2 2
4 2 4
5 3 4
6 2 6
7 3 1
8 4 2
9 4 5
10 2 3
11 0 1
12 4 6
13 2 7
14 5 1
15 6 1
16 5 3
17 1 1
18 3 2
19 1 6
20 5 1
21 6 1
22 1 5
23 2 6
24 4 2
25 3 2
26 0 5
27 4 1
28 5 5
29 4 3
30 2 2
31 6 2
32 3 1
33 4 7
34 2 4
35 5 1
36 4 6
37 3 0
38 3 4
39 4 7
40 3 2
41 6 3
42 6 2
43 2 2
44 4 6
45 3 1
46 3 0
47 4 2
48 0 1
49 2 1
50 5 4
51 6 3
52 2 2
53 4 3
54 1 6
55 1 1
56 3 1
57 4 2
58 1 4
59 1 3
60 0 1
61 3 0
62 0 4
63 6 1
64 7 3
65 1 5
66 4 1
67 1 1
68 2 0
69 3 2
70 3 6
71 2 2
72 6 3
73 3 2
74 2 4
75 2 6
76 1 2
77 1 3
78 3 6
79 7 3
80 2 6
81 3 0
82 2 0
83 2 2
84 4 4
85 6 2
86 0 3
87 3 2
88 0 2
89 0 1
90 3 6
91 7 4
92 5 1
93 6 3
94 0 3
95 1 3
96 2 3
97 3 1
98 3 2
99 1 2
100 1 1
101 1 6
102 1 4
103 5 3
104 4 1
105 0 4
106 0 2
107 1 4
108 1 2
109 3 4
110 4 6
111 6 4
112 5 1
113 4 3
114 2 6
115 1 1
116 1 6
117 1 3
118 0 4
119 3 0
120 5 4
121 2 3
122 2 2
123 3 2
124 3 5
125 1 4
126 2 2
127 2 5
128 3 6
129 0 6
130 4 6
131 1 3
132 1 0
133 1 1
134 3 2
135 4 1
136 5 1
137 2 3
138 1 6
139 0 3
140 0 6
141 2 2
142 1 5
143 2 4
144 2 6
145 4 1
146 0 1
147 1 1
148 3 2
149 4 5
150 2 0
151 3 5
152 4 5
153 3 5
154 0 7
155 1 3
156 2 3
157 5 5
158 4 4
159 2 4
160 0 5
161 0 3
162 1 3
163 1 5
164 2 7
165 0 3
166 0 6
167 4 3
168 3 6
169 4 5
170 1 4
171 5 5
172 1 5
173 4 5
174 5 3
175 2 2
176 1 3
177 4 3
178 0 7
179 3 4
180 2 6
181 5 3
182 2 4
183 4 3
184 0 6
185 0 1
186 3 2
187 2 2
188 3 3
189 1 0
190 2 0
191 4 3
192 3 5
193 0 7
194 3 7
195 1 0
196 4 5
197 4 7
198 0 5
199 1 7
200 3 3
201 3 1
202 1 6
203 4 1
204 4 3
205 3 6
206 0 2
207 3 5
208 5 5
209 3 6
210 0 4
211 0 1
212 4 5
213 2 5
214 5 7
215 3 7
216 4 6
217 0 2
218 2 4
219 1 2
220 2 1
221 0 1
222 2 7
223 3 7
224 1 3
225 2 2
226 2 7
227 2 0
228 3 6
229 2 5
230 3 1
231 1 7
232 2 7
233 3 3
234 0 5
235 1 0
236 2 0
237 5 6
238 4 6
239 3 6
240 0 6
241 1 4
242 5 5
243 1 2
244 4 1
245 4 6
246 3 6
247 0 0
248 0 4
249 2 1
250 2 0
251 0 3
252 1 7
253 1 5
254 2 7
255 1 7
256 2 3
257 4 5
258 1 1
259 1 4
260 3 1
261 3 2
262 1 5
263 1 4
264 3 1
265 3 7
266 0 5
267 1 2
268 2 6
269 3 3
270 2 3
271 4 7
272 2 1
273 0 6
274 1 5
275 2 0
276 2 7
277 1 4
278 0 5
279 0 1
280 1 0
281 2 0
282 3 3
283 0 0
284 2 1
285 1 6
286 5 7
287 3 7
288 2 0
289 4 1
290 0 2
291 3 1
292 1 1
293 0 4
294 1 2
295 2 1
296 4 1
297 2 3
298 2 0
299 3 5
300 1 5
301 0 1
302 2 7
303 1 4
304 5 6
305 2 1
306 4 2
307 0 3
308 3 7
309 4 6
310 2 6
311 5 6
312 0 4
313 1 5
314 0 3
315 4 7
316 1 1
317 2 7
318 0 1
319 1 4
# colocadas=320 ocupadas=12 mayor=178
