0 1 1
1 0 1
2 1 2
3 1 3
4 0 3
5 1 2
6 0 4
7 0 0
8 0 3
9 1 1
10 0 2
11 1 0
12 0 3
13 0 2
14 0 3
15 0 0
16 1 2
17 1 1
18 0 2
19 0 3
20 1 2
21 0 1
22 0 0
23 0 1
24 0 0
25 0 4
26 0 3
27 1 1
28 1 2
29 0 4
30 0 3
31 1 1
32 1 2
33 0 4
34 0 3
35 0 4
36 0 3
37 1 1
38 0 1
39 0 4
40 0 0
41 0 1
42 0 0
43 1 2
44 0 2
45 1 0
46 0 1
47 0 3
48 0 4
49 2 0
50 1 0
51 2 0
52 1 0
53 0 2
54 0 5
55 0 0
56 0 3
57 0 2
58 0 3
59 0 2
60 0 3
61 0 1
62 1 3
63 0 4
64 1 2
65 1 3
66 1 2
67 1 3
68 1 2
69 0 0
70 0 3
71 0 1
72 2 2
73 0 4
74 0 3
75 0 4
76 0 0
77 0 3
78 1 2
79 0 4
80 0 2
81 1 0
82 0 0
83 1 2
84 0 2
85 1 0
86 0 5
87 0 1
88 2 0
89 1 0
90 2 0
91 0 4
92 1 0
93 0 2
94 0 1
95 2 0
96 0 3
97 0 4
98 0 0
99 2 1
100 0 3
101 0 1
102 0 0
103 0 2
104 0 3
105 0 2
106 1 0
107 0 1
108 0 0
109 0 2
110 1 0
111 0 1
112 2 2
113 1 2
114 1 3
115 0 2
116 0 0
117 0 1
118 0 3
119 1 1
120 0 1
121 0 0
122 0 2
123 0 3
124 0 2
125 2 1
126 0 3
127 1 1
128 0 2
129 2 1
130 0 3
131 0 1
132 2 0
133 1 0
134 0 2
135 0 0
136 1 2
137 1 1
138 1 2
139 1 1
140 0 2
141 1 0
142 0 3
143 0 1
144 0 4
145 2 0
146 0 3
147 0 4
148 1 0
149 2 0
150 0 3
151 0 0
152 0 2
153 0 3
154 0 2
155 0 1
156 1 0
157 2 0
158 0 0
159 0 3
160 0 2
161 0 1
162 1 0
163 0 0
164 0 3
165 0 1
166 0 4
167 0 3
168 0 4
169 0 3
170 0 0
171 0 1
172 2 0
173 0 4
174 1 0
175 2 0
176 0 0
177 0 1
178 0 3
179 1 0
180 2 0
181 0 0
182 0 1
183 0 4
184 0 0
185 0 1
186 0 0
187 2 1
188 0 1
189 2 0
190 1 0
191 0 3
192 0 0
193 0 2
194 0 3
195 0 2
196 1 1
197 0 3
198 0 1
199 0 4
200 1 0
201 2 0
202 1 0
203 0 3
204 2 0
205 1 0
206 0 4
207 2 0
208 1 0
209 2 0
210 1 0
211 0 3
212 0 4
213 0 2
214 0 1
215 2 0
216 0 0
217 0 1
218 0 0
219 0 3
220 2 1
221 0 1
222 2 0
223 0 4
224 0 3
225 0 4
226 1 0
227 2 0
228 0 0
229 0 3
230 0 2
231 2 1
232 1 0
233 2 2
234 0 0
235 2 1
236 0 3
237 0 2
238 1 0
239 0 1
240 2 2
241 0 2
242 0 0
243 1 0
244 2 1
245 0 0
246 0 3
247 1 1
248 0 1
249 0 0
250 0 2
251 0 3
252 0 2
253 1 0
254 0 3
255 0 0
256 0 2
257 0 3
258 0 2
259 0 3
260 0 1
261 0 4
262 0 0
263 0 3
264 0 1
265 0 0
266 0 1
267 0 4
268 0 0
269 1 2
270 0 3
271 0 4
272 0 3
273 1 1
274 0 2
275 2 1
276 1 1
277 1 0
278 2 1
279 0 1
280 2 2
281 1 2
282 1 3
283 0 3
284 0 0
285 0 2
286 0 3
287 0 1
288 0 4
289 0 2
290 0 5
291 0 0
292 0 4
293 0 5
294 1 0
295 0 0
296 0 4
297 1 2
298 0 3
299 0 4
300 0 1
301 0 0
302 0 1
303 1 3
304 0 0
305 0 1
306 0 5
307 0 0
308 0 1
309 0 4
310 0 0
311 1 2
312 0 1
313 0 3
314 0 4
315 1 3
316 0 5
317 0 4
318 0 5
319 0 4
# colocadas=320 ocupadas=3 mayor=589
