0 1 1
1 0 0
2 1 3
3 0 3
4 1 2
5 0 4
6 0 3
7 1 4
8 0 5
9 0 1
10 2 4
11 0 0
12 1 6
13 0 4
14 0 6
15 0 5
16 0 2
17 1 4
18 0 3
19 2 4
20 0 1
21 1 5
22 0 4
23 0 7
24 2 3
25 0 2
26 0 6
27 2 5
28 1 4
29 2 6
30 0 0
31 2 2
32 2 1
33 1 1
34 0 4
35 2 5
36 1 4
37 1 0
38 2 6
39 0 5
40 1 6
41 0 4
42 2 1
43 0 0
44 0 6
45 1 3
46 1 0
47 0 7
48 0 1
49 0 2
50 0 1
51 2 2
52 0 3
53 2 0
54 1 3
55 0 6
56 3 2
57 1 2
58 0 0
59 3 1
60 0 2
61 1 2
62 3 2
63 0 1
64 1 3
65 1 0
66 2 0
67 2 2
68 3 2
69 1 2
70 0 0
71 3 1
72 0 3
73 1 0
74 0 5
75 0 4
76 0 2
77 1 1
78 1 2
79 2 1
80 1 3
81 1 4
82 1 0
83 2 2
84 0 6
85 0 5
86 0 1
87 0 2
88 2 4
89 0 3
90 1 3
91 0 0
92 2 5
93 0 4
94 1 0
95 1 5
96 1 6
97 0 0
98 0 5
99 0 1
100 0 4
101 2 1
102 0 5
103 0 2
104 1 1
105 0 3
106 0 4
107 0 6
108 0 1
109 0 7
110 0 6
111 2 3
112 1 4
113 0 4
114 0 0
115 1 2
116 0 2
117 1 2
118 0 1
119 0 7
120 0 0
121 0 6
122 0 2
123 1 2
124 0 3
125 1 5
126 2 4
127 0 4
128 2 3
129 2 4
130 0 1
131 2 3
132 2 4
133 0 0
134 1 6
135 0 3
136 1 4
137 0 2
138 1 0
139 1 7
140 0 5
141 0 0
142 1 1
143 1 3
144 2 1
145 1 4
146 1 3
147 0 4
148 1 0
149 0 0
150 0 5
151 0 4
152 0 5
153 1 0
154 1 4
155 2 2
156 0 6
157 0 0
158 0 4
159 1 4
160 0 5
161 1 3
162 0 4
163 0 5
164 0 4
165 0 5
166 1 0
167 2 1
168 0 0
169 0 3
170 0 7
171 0 1
172 0 2
173 2 0
174 1 0
175 1 7
176 1 4
177 0 0
178 0 6
179 0 5
180 0 7
181 0 3
182 2 4
183 1 5
184 2 3
185 0 5
186 0 1
187 1 7
188 0 7
189 2 2
190 2 0
191 1 2
192 0 0
193 1 5
194 0 5
195 1 5
196 0 1
197 2 2
198 1 2
199 2 2
200 0 0
201 0 5
202 3 0
203 0 1
204 1 5
205 0 4
206 1 2
207 1 6
208 1 5
209 1 3
210 0 3
211 0 0
212 2 0
213 0 5
214 1 7
215 0 1
216 0 0
217 1 2
218 0 7
219 2 1
220 0 1
221 0 0
222 1 7
223 1 1
224 0 7
225 0 1
226 1 3
227 0 0
228 1 7
229 0 1
230 0 7
231 0 3
232 1 1
233 0 2
234 0 3
235 0 2
236 1 0
237 0 3
238 1 7
239 2 2
240 0 6
241 2 3
242 2 2
243 0 0
244 0 1
245 1 2
246 1 0
247 2 0
248 0 5
249 2 2
250 1 2
251 0 7
252 1 0
253 0 4
254 2 0
255 0 0
256 0 2
257 1 7
258 0 6
259 1 2
260 2 1
261 2 0
262 0 1
263 1 3
264 1 0
265 1 2
266 0 5
267 1 3
268 2 0
269 0 0
270 2 1
271 0 3
272 0 7
273 0 2
274 1 1
275 1 7
276 1 4
277 1 0
278 0 0
279 2 1
280 0 3
281 0 2
282 0 3
283 0 1
284 2 0
285 1 0
286 1 3
287 0 3
288 0 7
289 0 0
290 0 2
291 0 6
292 0 4
293 1 4
294 0 5
295 0 1
296 2 0
297 1 0
298 2 0
299 0 0
300 1 7
301 2 1
302 1 0
303 0 1
304 2 2
305 1 2
306 0 6
307 0 5
308 2 4
309 0 7
310 0 4
311 2 0
312 0 0
313 0 6
314 2 3
315 0 3
316 0 1
317 1 0
318 2 4
319 2 0
# colocadas=320 ocupadas=6 mayor=319
