0 1 1
1 1 3
2 1 5
3 2 2
4 1 6
5 2 4
6 3 1
7 0 1
8 4 1
9 2 5
10 2 1
11 0 2
12 4 2
13 3 3
14 1 1
15 1 4
16 2 2
17 2 1
18 0 6
19 2 3
20 3 4
21 0 4
22 3 6
23 1 4
24 0 3
25 1 2
26 1 1
27 4 4
28 3 4
29 3 2
30 1 6
31 4 1
32 2 0
33 1 3
34 2 2
35 2 3
36 0 1
37 1 0
38 4 6
39 0 2
40 3 6
41 4 6
42 0 4
43 1 1
44 4 4
45 5 2
46 3 4
47 3 2
48 2 2
49 5 3
50 4 3
51 3 6
52 5 3
53 4 4
54 0 6
55 1 4
56 3 1
57 4 1
58 3 4
59 1 5
60 4 4
61 2 6
62 1 0
63 0 1
64 2 0
65 1 0
66 2 0
67 3 1
68 3 4
69 4 3
70 0 7
71 4 2
72 0 5
73 1 1
74 1 7
75 3 3
76 5 2
77 0 1
78 4 1
79 1 1
80 3 0
81 1 3
82 1 4
83 4 2
84 3 1
85 2 5
86 1 6
87 3 0
88 0 2
89 0 3
90 1 3
91 0 1
92 2 4
93 4 1
94 0 4
95 2 5
96 4 3
97 0 6
98 2 0
99 1 5
100 3 2
101 4 0
102 2 1
103 0 0
104 0 7
105 0 6
106 2 4
107 3 3
108 1 4
109 0 1
110 2 2
111 0 7
112 5 1
113 1 2
114 5 2
115 0 6
116 2 5
117 4 4
118 4 2
119 0 0
120 2 1
121 3 0
122 1 6
123 1 7
124 4 1
125 4 5
126 0 4
127 1 6
128 4 2
129 4 4
130 0 2
131 1 1
132 1 0
133 2 3
134 3 5
135 2 6
136 3 1
137 1 2
138 1 5
139 2 1
140 1 4
141 3 3
142 0 1
143 2 2
144 4 1
145 2 0
146 4 2
147 1 3
148 3 6
149 2 3
150 4 1
151 1 1
152 3 1
153 4 1
154 3 1
155 0 5
156 4 3
157 2 4
158 1 5
159 0 2
160 2 7
161 4 5
162 2 6
163 1 0
164 1 4
165 3 5
166 0 1
167 4 1
168 1 7
169 3 1
170 0 5
171 4 5
172 3 6
173 4 1
174 3 0
175 3 3
176 4 4
177 0 6
178 1 3
179 2 5
180 3 2
181 3 4
182 4 4
183 5 1
184 1 1
185 2 1
186 0 5
187 3 3
188 4 5
189 3 2
190 3 7
191 1 6
192 0 4
193 2 3
194 4 1
195 0 6
196 2 0
197 0 2
198 1 2
199 5 1
200 1 0
201 4 2
202 3 6
203 1 6
204 3 7
205 2 4
206 1 5
207 3 2
208 3 4
209 2 4
210 3 6
211 1 6
212 0 1
213 0 3
214 3 1
215 3 7
216 1 1
217 3 5
218 4 5
219 1 3
220 2 2
221 3 5
222 2 0
223 0 0
224 0 1
225 1 5
226 3 2
227 2 2
228 0 4
229 0 2
230 0 3
231 2 7
232 0 1
233 1 2
234 3 2
235 2 6
236 1 3
237 4 1
238 0 5
239 2 3
240 2 7
241 3 3
242 0 4
243 3 6
244 1 3
245 0 5
246 5 1
247 1 2
248 3 5
249 0 4
250 4 3
251 4 4
252 4 3
253 3 1
254 0 3
255 3 2
256 4 1
257 1 3
258 1 6
259 1 5
260 2 2
261 3 1
262 0 3
263 4 1
264 0 0
265 3 6
266 0 4
267 3 3
268 3 5
269 3 4
270 1 6
271 1 5
272 1 6
273 2 4
274 1 5
275 1 1
276 3 0
277 0 3
278 2 0
279 1 6
280 3 0
281 1 4
282 2 0
283 2 4
284 3 1
285 3 0
286 2 0
287 1 2
288 3 0
289 1 5
290 1 4
291 0 1
292 2 4
293 2 0
294 0 4
295 3 2
296 1 0
297 1 6
298 1 4
299 3 7
300 0 0
301 4 2
302 2 5
303 2 2
304 0 3
305 5 2
306 1 1
307 0 1
308 3 5
309 2 4
310 0 0
311 1 5
312 4 2
313 3 0
314 2 7
315 2 3
316 2 6
317 2 0
318 1 2
319 2 7
# colocadas=320 ocupadas=12 mayor=165
