0 0 0
1 0 1
2 0 0
3 0 2
4 0 3
5 0 4
6 0 3
7 1 4
8 0 4
9 1 4
10 1 1
11 0 1
12 0 2
13 0 4
14 0 1
15 0 0
16 0 1
17 0 0
18 0 1
19 1 3
20 0 3
21 1 2
22 1 4
23 0 2
24 1 2
25 0 2
26 0 0
27 0 4
28 0 1
29 0 3
30 0 2
31 1 3
32 0 3
33 1 2
34 0 2
35 0 0
36 0 1
37 0 3
38 1 4
39 0 2
40 1 2
41 0 4
42 0 2
43 0 3
44 0 4
45 0 0
46 0 1
47 0 3
48 1 1
49 0 1
50 0 0
51 0 1
52 1 1
53 0 4
54 0 1
55 1 0
56 0 0
57 1 0
58 0 0
59 0 3
60 1 1
61 1 3
62 0 1
63 1 0
64 0 2
65 0 4
66 0 3
67 1 1
68 0 4
69 0 3
70 1 4
71 0 4
72 0 1
73 0 3
74 0 2
75 1 1
76 0 3
77 0 1
78 0 4
79 1 4
80 0 4
81 1 2
82 1 1
83 1 4
84 1 0
85 1 1
86 0 2
87 0 4
88 0 1
89 0 3
90 1 3
91 1 4
92 0 4
93 1 4
94 1 3
95 0 2
96 1 0
97 0 0
98 1 1
99 1 2
# colocadas=100 ocupadas=6 mayor=138
