0 0 0
1 0 1
2 0 2
3 0 3
4 1 0
5 0 2
6 0 3
7 0 0
8 0 2
9 1 1
10 0 3
11 0 4
12 1 0
13 1 2
14 0 2
15 0 0
16 1 2
17 1 0
18 0 2
19 0 1
20 0 3
21 0 2
22 1 4
23 0 4
24 0 3
25 1 2
26 0 0
27 0 2
28 1 1
29 0 1
30 1 1
31 1 0
32 0 3
33 1 1
34 0 4
35 0 1
36 1 3
37 1 1
38 1 0
39 1 1
40 0 3
41 1 0
42 0 0
43 1 4
44 0 1
45 0 0
46 0 2
47 0 1
48 1 0
49 0 2
50 1 1
51 0 1
52 1 2
53 1 0
54 0 0
55 0 2
56 1 1
57 0 1
58 0 4
59 0 3
60 1 2
61 0 2
62 0 0
63 1 2
64 0 1
65 0 4
66 0 2
67 0 3
68 0 4
69 0 3
70 1 1
71 0 4
72 0 3
73 1 4
74 1 0
75 0 2
76 0 4
77 0 1
78 0 0
79 1 3
80 0 3
81 0 4
82 1 1
83 0 3
84 0 1
85 0 2
86 1 3
87 0 3
88 0 1
89 1 1
90 0 1
91 0 2
92 0 1
93 1 0
94 0 2
95 1 1
96 0 1
97 0 3
98 0 0
99 0 4
# colocadas=100 ocupadas=5 mayor=123
