0 0 0
1 0 1
2 0 0
3 1 0
4 0 0
5 0 2
6 1 0
7 0 0
8 1 1
9 0 1
10 1 0
11 0 0
12 0 2
13 0 1
14 1 0
15 0 3
16 0 4
17 1 1
18 0 3
19 1 0
20 0 2
21 1 1
22 0 1
23 0 0
24 0 2
25 0 1
26 0 2
27 2 0
28 1 0
29 0 3
30 0 4
31 0 3
32 2 0
33 0 1
34 0 4
35 1 0
36 0 3
37 1 4
38 0 2
39 0 0
40 0 3
41 1 0
42 2 1
43 0 2
44 1 1
45 1 2
46 0 0
47 1 0
48 0 0
49 1 0
50 0 3
51 0 2
52 0 0
53 0 4
54 1 4
55 0 4
56 0 3
57 0 4
58 1 1
59 1 3
60 0 1
61 0 3
62 1 2
63 0 2
64 1 0
65 1 2
66 0 0
67 0 2
68 1 0
69 0 4
70 0 3
71 1 4
72 1 2
73 0 0
74 0 2
75 0 3
76 0 2
77 0 1
78 0 2
79 0 3
80 1 0
81 0 2
82 0 4
83 0 0
84 0 1
85 0 0
86 1 1
87 0 1
88 0 3
89 0 4
90 1 0
91 0 2
92 1 3
93 1 1
94 0 3
95 1 2
96 1 3
97 1 0
98 1 1
99 1 4
# colocadas=100 ocupadas=7 mayor=108
