0 0 0
1 0 1
2 0 2
3 0 3
4 1 0
5 0 0
6 0 4
7 0 5
8 1 3
9 1 1
10 1 5
11 1 0
12 0 3
13 0 2
14 0 0
15 0 3
16 0 2
17 0 3
18 1 2
19 2 0
20 0 2
21 0 3
22 0 2
23 0 5
24 1 0
25 1 2
26 0 4
27 1 5
28 0 5
29 0 0
30 0 3
31 1 5
32 0 2
33 1 0
34 0 5
35 1 4
36 0 4
37 1 2
38 2 1
39 1 1
40 1 3
41 1 4
42 2 2
43 2 0
44 2 1
45 1 2
46 2 4
47 2 0
48 1 4
49 2 1
50 2 0
51 2 1
52 1 3
53 3 0
54 2 0
55 2 3
56 3 0
57 1 1
58 0 3
59 2 0
60 2 5
61 3 0
62 2 0
63 1 5
64 0 1
65 0 4
66 1 4
67 1 0
68 1 3
69 0 3
70 1 1
71 2 0
72 1 3
73 1 2
74 2 3
75 1 3
76 1 5
77 2 1
78 2 3
79 0 2
80 0 1
81 0 2
82 1 1
83 2 0
84 1 0
85 2 1
86 0 3
87 0 4
88 0 3
89 1 1
90 0 4
91 0 5
92 1 4
93 2 2
94 2 0
95 0 4
96 1 0
97 1 2
98 1 1
99 0 5
100 1 5
101 1 0
102 1 4
103 2 1
104 2 0
105 2 1
106 1 1
107 0 1
108 2 5
109 2 2
110 1 5
111 2 1
112 3 0
113 0 0
114 1 1
115 2 5
116 1 5
117 2 1
118 1 4
119 2 0
120 3 1
121 1 3
122 0 3
123 0 2
124 2 2
125 1 2
126 2 1
127 2 4
128 0 1
129 2 5
130 2 4
131 2 5
132 3 0
133 2 4
134 2 0
135 3 1
136 1 4
137 0 0
138 1 5
139 0 1
140 1 1
141 1 0
142 0 5
143 3 5
144 2 0
145 2 5
146 2 1
147 0 4
148 0 3
149 1 0
150 1 5
151 1 3
152 0 3
153 2 5
154 1 2
155 0 2
156 1 1
157 2 0
158 1 0
159 2 4
160 0 4
161 0 3
162 1 3
163 2 0
164 0 3
165 2 3
166 0 4
167 2 1
168 2 0
169 1 4
170 0 4
171 0 5
172 1 2
173 2 1
174 2 0
175 0 2
176 0 4
177 1 0
178 2 2
179 0 0
180 0 1
181 3 0
182 1 2
183 2 4
184 0 5
185 2 0
186 1 4
187 2 2
188 1 2
189 1 5
190 3 0
191 2 2
192 2 0
193 3 1
194 0 5
195 1 2
196 2 2
197 4 0
198 3 0
199 4 0
# colocadas=200 ocupadas=14 mayor=165
