0 0 0
1 0 1
2 0 2
3 0 3
4 0 2
5 0 4
6 0 3
7 0 5
8 1 1
9 0 1
10 1 5
11 0 5
12 1 5
13 1 2
14 0 5
15 0 2
16 1 4
17 1 2
18 0 2
19 0 4
20 1 5
21 0 5
22 1 0
23 1 1
24 1 3
25 0 3
26 2 0
27 1 2
28 1 4
29 0 2
30 1 0
31 1 2
32 0 4
33 0 0
34 0 1
35 1 4
36 0 4
37 2 1
38 1 1
39 0 2
40 0 3
41 0 2
42 1 3
43 0 3
44 1 4
45 1 0
46 1 2
47 0 4
48 1 4
49 0 2
50 1 1
51 1 3
52 1 2
53 1 3
54 1 4
55 2 0
56 1 0
57 2 0
58 0 1
59 0 4
60 1 4
61 1 2
62 0 0
63 2 3
64 0 1
65 0 0
66 1 0
67 2 1
68 1 3
69 0 2
70 0 4
71 0 0
72 0 3
73 2 0
74 2 1
75 2 2
76 1 4
77 0 4
78 2 0
79 1 0
80 1 2
81 2 3
82 1 1
83 1 4
84 0 4
85 1 5
86 2 0
87 1 4
88 1 5
89 2 2
90 1 0
91 2 1
92 2 4
93 1 4
94 0 5
95 2 4
96 2 2
97 1 4
98 1 5
99 2 0
100 2 5
101 1 5
102 0 5
103 3 1
104 0 4
105 2 3
106 1 3
107 2 1
108 2 2
109 2 3
110 3 0
111 2 0
112 3 4
113 1 3
114 2 1
115 2 4
116 3 3
117 3 2
118 2 3
119 3 1
120 3 3
121 3 5
122 4 1
123 4 4
124 3 1
125 3 4
126 3 5
127 4 0
128 4 3
129 3 3
130 3 2
131 4 1
132 3 1
133 4 5
134 4 4
135 3 2
136 4 2
137 3 3
138 2 2
139 3 2
140 1 2
141 1 3
142 1 2
143 4 1
144 3 1
145 2 2
146 2 3
147 4 3
148 3 3
149 4 5
150 2 4
151 2 5
152 2 4
153 1 4
154 4 1
155 1 5
156 3 1
157 1 4
158 3 5
159 4 4
160 4 1
161 3 1
162 4 3
163 3 0
164 4 0
165 4 4
166 4 2
167 5 3
168 3 4
169 2 4
170 1 4
171 2 4
172 2 3
173 3 4
174 4 1
175 2 4
176 4 3
177 5 2
178 3 3
179 4 3
180 4 2
181 3 3
182 5 1
183 4 5
184 3 5
185 4 4
186 4 1
187 2 3
188 1 3
189 3 2
190 1 4
191 5 1
192 3 4
193 2 4
194 3 3
195 5 3
196 3 4
197 2 4
198 2 5
199 1 4
# colocadas=200 ocupadas=27 mayor=160
