0 0 0
1 0 1
2 0 2
3 0 3
4 0 4
5 1 0
6 1 2
7 0 2
8 0 0
9 0 1
10 0 0
11 0 5
12 1 3
13 0 3
14 1 2
15 0 2
16 1 1
17 1 2
18 1 3
19 2 1
20 0 3
21 0 4
22 0 3
23 0 2
24 1 1
25 0 3
26 1 2
27 0 4
28 0 5
29 1 4
30 1 1
31 0 4
32 1 4
33 0 4
34 1 5
35 0 5
36 2 3
37 1 3
38 2 5
39 2 0
40 1 5
41 2 4
42 2 2
43 1 0
44 1 4
45 2 1
46 2 2
47 0 0
48 1 2
49 0 2
50 2 3
51 1 3
52 3 0
53 0 1
54 0 3
55 1 2
56 0 2
57 2 0
58 0 1
59 1 3
60 1 2
61 1 3
62 2 1
63 2 0
64 0 3
65 1 3
66 0 0
67 0 1
68 2 2
69 0 3
70 1 3
71 0 0
72 3 1
73 2 1
74 0 1
75 1 2
76 2 3
77 2 2
78 0 0
79 1 3
80 0 1
81 2 1
82 3 0
83 1 1
84 1 4
85 2 3
86 1 3
87 0 4
88 0 5
89 2 3
90 1 3
91 0 3
92 0 2
93 2 1
94 1 1
95 0 1
96 2 0
97 2 1
98 0 3
99 1 3
100 0 2
101 1 2
102 3 1
103 3 0
104 3 2
105 1 1
106 0 4
107 0 2
108 2 2
109 2 0
110 0 3
111 1 0
112 2 1
113 1 4
114 3 1
115 1 3
116 3 0
117 0 0
118 1 1
119 1 2
120 3 1
121 1 0
122 2 1
123 1 1
124 0 3
125 1 2
126 1 3
127 1 2
128 1 1
129 0 4
130 0 3
131 2 0
132 1 5
133 0 5
134 1 3
135 1 0
136 2 2
137 1 2
138 2 1
139 1 4
140 3 0
141 2 0
142 2 3
143 1 3
144 3 0
145 2 0
146 2 1
147 1 5
148 3 1
149 3 0
150 0 5
151 2 3
152 2 5
153 1 3
154 3 1
155 2 2
156 1 4
157 2 3
158 1 3
159 1 5
160 2 4
161 3 0
162 0 5
163 1 4
164 1 5
165 2 4
166 1 4
167 3 1
168 1 5
169 2 1
170 3 2
171 1 4
172 1 5
173 2 2
174 2 3
175 2 0
176 3 0
177 2 0
178 3 0
179 2 5
180 1 5
181 2 4
182 3 5
183 2 5
184 1 5
185 2 5
186 3 1
187 3 3
188 3 0
189 4 0
190 3 0
191 4 0
192 3 0
193 3 5
194 3 2
195 2 5
196 2 0
197 3 1
198 1 5
199 0 5
# colocadas=200 ocupadas=22 mayor=116
