0 0 0
1 0 1
2 0 0
3 0 2
4 1 0
5 0 0
6 1 1
7 0 3
8 1 0
9 0 4
10 1 2
11 0 2
12 1 1
13 1 3
14 0 3
15 0 1
16 0 2
17 1 2
18 1 0
19 0 2
20 0 3
21 1 1
22 0 1
23 2 1
24 1 1
25 0 4
26 0 5
27 0 4
28 0 3
29 2 0
30 1 0
31 1 3
32 1 2
33 0 4
34 2 0
35 0 5
36 0 4
37 1 3
38 0 5
39 1 2
40 0 2
41 0 1
42 1 0
43 1 4
44 0 2
45 0 6
46 0 3
47 2 1
48 1 1
49 0 2
50 0 1
51 0 2
52 0 1
53 0 2
54 2 1
55 1 1
56 1 3
57 0 3
58 1 0
59 0 0
60 1 0
61 0 0
62 1 3
63 0 3
64 1 4
65 0 4
66 0 5
67 0 4
68 0 1
69 0 5
70 2 0
71 0 6
72 0 2
73 1 3
74 2 1
75 0 3
76 0 1
77 1 3
78 0 3
79 1 2
80 0 4
81 0 0
82 0 3
83 0 5
84 0 4
85 0 5
86 2 0
87 1 4
88 0 4
89 0 3
90 0 4
91 1 3
92 0 6
93 1 5
94 0 3
95 0 2
96 1 2
97 2 1
98 0 5
99 0 1
100 2 0
101 1 5
102 0 5
103 0 2
104 2 1
105 2 0
106 1 3
107 2 1
108 0 3
109 1 2
110 1 5
111 2 0
112 0 2
113 0 1
114 0 5
115 2 1
116 0 0
117 1 1
118 0 6
119 1 0
120 0 5
121 1 5
122 0 5
123 0 6
124 0 5
125 1 1
126 1 4
127 2 0
128 0 4
129 1 0
130 1 1
131 0 5
132 0 1
133 2 1
134 1 3
135 2 0
136 0 6
137 0 5
138 0 3
139 0 6
140 1 2
141 2 1
142 1 3
143 0 5
144 1 2
145 1 1
146 0 2
147 1 2
148 2 0
149 1 0
150 0 1
151 0 6
152 0 2
153 0 1
154 0 2
155 0 1
156 2 1
157 0 0
158 1 1
159 1 3
160 0 1
161 0 2
162 1 0
163 0 5
164 0 3
165 1 2
166 0 2
167 0 0
168 0 1
169 0 0
170 1 1
171 0 1
172 1 1
173 0 3
174 2 0
175 1 0
176 0 4
177 1 4
178 1 2
179 2 1
180 1 1
181 0 2
182 0 1
183 0 2
184 0 4
185 0 3
186 0 4
187 1 0
188 0 5
189 1 1
190 2 0
191 1 0
192 0 0
193 1 3
194 0 1
195 0 2
196 0 1
197 1 2
198 0 4
199 0 3
200 0 2
201 0 1
202 2 1
203 0 2
204 1 1
205 2 1
206 0 3
207 0 2
208 1 1
209 0 1
210 1 1
211 1 3
212 2 2
213 0 1
214 0 3
215 1 2
216 0 4
217 0 0
218 0 1
219 2 1
220 0 3
221 0 0
222 0 2
223 1 1
224 0 1
225 0 3
226 0 6
227 0 7
228 0 6
229 1 1
230 0 1
231 1 1
232 0 5
233 1 2
234 0 4
235 2 1
236 0 2
237 1 1
238 0 1
239 0 0
240 2 0
241 1 0
242 0 0
243 0 1
244 1 3
245 0 0
246 0 1
247 1 2
248 0 5
249 0 6
250 1 1
251 1 0
252 1 1
253 0 5
254 1 0
255 0 4
256 1 1
257 0 1
258 0 2
259 0 3
260 0 5
261 0 2
262 1 6
263 0 3
264 0 4
265 0 6
266 0 5
267 0 2
268 0 1
269 2 1
270 1 3
271 0 3
272 1 3
273 2 0
274 0 3
275 0 6
276 0 7
277 0 0
278 0 6
279 0 1
280 0 7
281 2 1
282 0 6
283 1 1
284 1 3
285 0 7
286 0 6
287 0 3
288 0 2
289 1 2
290 2 1
291 1 4
292 1 1
293 0 7
294 0 4
295 1 3
296 0 6
297 2 2
298 1 2
299 1 1
300 1 2
301 1 3
302 0 5
303 0 4
304 1 5
305 0 3
306 0 5
307 1 3
308 1 4
309 1 2
310 0 3
311 1 1
312 1 3
313 0 1
314 0 2
315 0 3
316 1 2
317 0 2
318 0 1
319 0 2
320 0 4
321 1 2
322 0 2
323 0 3
324 1 4
325 2 1
326 0 2
327 1 3
328 1 1
329 0 6
330 1 2
331 0 5
332 1 1
333 0 6
334 2 1
335 0 5
336 1 1
337 0 4
338 1 2
339 1 1
340 0 7
341 2 1
342 0 6
343 0 3
344 1 1
345 2 1
346 1 1
347 1 2
348 0 4
349 1 1
350 1 4
351 1 3
352 2 1
353 0 5
354 0 6
355 1 1
356 1 0
357 0 5
358 1 4
359 1 1
360 0 4
361 2 0
362 1 0
363 0 0
364 2 2
365 1 0
366 1 2
367 1 4
368 0 4
369 1 3
370 1 4
371 0 5
372 1 3
373 0 4
374 1 2
375 1 3
376 0 3
377 1 3
378 1 2
379 0 2
380 0 3
381 0 2
382 2 1
383 0 6
384 0 3
385 2 0
386 0 2
387 0 5
388 1 2
389 1 4
390 0 4
391 0 7
392 0 6
393 1 1
394 0 5
395 0 4
396 1 2
397 0 3
398 1 1
399 1 0
# colocadas=400 ocupadas=11 mayor=363
