0 0 0
1 0 1
2 0 2
3 0 1
4 1 0
5 0 0
6 0 1
7 0 0
8 0 2
9 1 1
10 0 1
11 1 2
12 0 0
13 0 2
14 0 1
15 0 3
16 0 2
17 1 3
18 0 3
19 1 2
20 0 2
21 1 1
22 0 3
23 0 0
24 0 1
25 1 0
26 0 0
27 0 2
28 1 3
29 0 1
30 0 3
31 0 2
32 0 1
33 0 2
34 1 3
35 0 1
36 0 3
37 0 2
38 1 1
39 0 1
40 1 0
41 0 0
42 1 1
43 0 1
44 1 0
45 0 2
46 0 1
47 1 1
48 1 0
49 0 0
50 1 0
51 1 2
52 0 0
53 0 1
54 0 0
55 0 2
56 0 1
57 0 2
58 1 1
59 0 3
60 1 0
61 0 0
62 1 3
63 1 0
64 0 3
65 0 2
66 0 3
67 0 2
68 1 2
69 0 1
70 0 0
71 0 2
72 1 0
73 0 0
74 0 1
75 1 1
76 0 2
77 0 3
78 0 2
79 0 3
# colocadas=80 ocupadas=5 mayor=147
