0 0 0
1 0 1
2 0 0
3 0 2
4 0 3
5 1 3
6 0 3
7 1 0
8 1 2
9 0 2
10 1 1
11 0 3
12 1 2
13 0 2
14 1 2
15 1 3
16 1 2
17 2 0
18 2 1
19 1 1
20 1 2
21 1 3
22 1 2
23 1 1
24 2 2
25 2 1
26 2 2
27 1 2
28 2 3
29 3 2
30 2 2
31 3 0
32 2 1
33 3 1
34 3 3
35 2 2
36 1 2
37 1 1
38 2 3
39 0 2
40 1 2
41 1 3
42 2 3
43 1 1
44 1 2
45 2 1
46 1 1
47 3 3
48 0 2
49 0 1
50 1 1
51 1 3
52 0 3
53 1 0
54 2 1
55 2 3
56 0 0
57 3 2
58 0 1
59 0 2
60 0 1
61 0 2
62 3 1
63 3 2
64 0 3
65 2 2
66 2 1
67 1 3
68 1 2
69 0 2
70 1 2
71 2 2
72 3 1
73 2 3
74 3 0
75 2 2
76 1 2
77 1 3
78 1 2
79 3 1
# colocadas=80 ocupadas=13 mayor=73
