0 0 0
1 0 1
2 0 0
3 0 1
4 0 2
5 0 3
6 0 2
7 1 3
8 0 1
9 0 2
10 0 1
11 1 0
12 0 0
13 0 1
14 0 3
15 0 2
16 0 0
17 1 0
18 0 0
19 1 1
20 0 1
21 0 2
22 0 1
23 1 0
24 0 0
25 1 0
26 0 0
27 0 1
28 0 2
29 0 1
30 0 0
31 0 3
32 1 0
33 0 0
34 0 2
35 0 3
36 1 0
37 0 0
38 0 2
39 1 0
40 0 0
41 0 3
42 0 2
43 1 0
44 0 0
45 1 0
46 0 0
47 1 1
48 0 1
49 1 0
50 0 3
51 0 2
52 0 0
53 1 1
54 0 1
55 1 0
56 0 0
57 1 1
58 0 1
59 1 1
60 0 1
61 1 0
62 0 0
63 0 1
64 0 2
65 1 1
66 0 1
67 0 0
68 0 1
69 1 1
70 0 1
71 1 1
72 0 1
73 1 0
74 0 2
75 1 1
76 0 1
77 0 0
78 0 1
79 0 3
# colocadas=80 ocupadas=3 mayor=177
