0 0 0
1 0 1
2 0 0
3 0 2
4 1 0
5 0 0
6 1 1
7 0 3
8 1 0
9 1 1
10 1 2
11 0 2
12 2 0
13 1 3
14 0 3
15 0 1
16 0 2
17 1 2
18 1 0
19 0 2
20 2 1
21 1 1
22 0 1
23 0 3
24 1 3
25 0 3
26 0 2
27 2 0
28 2 1
29 2 0
30 1 0
31 2 2
32 1 2
33 0 3
34 2 0
35 0 2
36 0 3
37 0 2
38 1 0
39 1 2
40 2 2
41 2 3
42 2 2
43 3 0
44 3 1
45 3 3
46 3 2
47 2 1
48 2 0
49 2 3
50 3 3
51 2 3
52 3 3
53 3 1
54 2 1
55 2 3
56 2 0
57 3 0
58 3 2
59 2 2
60 3 2
61 2 0
62 3 1
63 1 3
64 0 3
65 0 2
66 0 3
67 0 2
68 1 0
69 0 0
70 2 2
71 0 1
72 0 0
73 0 3
74 1 2
75 1 3
76 1 0
77 0 3
78 2 1
79 1 3
# colocadas=80 ocupadas=11 mayor=77
