0 0 0
1 0 1
2 0 2
3 0 3
4 1 0
5 0 2
6 0 3
7 0 0
8 0 2
9 1 1
10 0 1
11 1 2
12 0 0
13 1 1
14 1 3
15 2 1
16 1 1
17 2 0
18 2 2
19 3 0
20 2 0
21 3 1
22 2 1
23 2 3
24 1 1
25 0 1
26 1 3
27 3 2
28 2 2
29 3 1
30 2 1
31 2 0
32 3 0
33 2 0
34 2 3
35 3 0
36 2 2
37 3 1
38 2 1
39 2 3
40 1 3
41 3 3
42 2 3
43 3 2
44 3 1
45 2 1
46 2 2
47 1 2
48 0 2
49 0 1
50 0 2
51 0 1
52 1 1
53 2 1
54 1 3
55 2 2
56 3 0
57 1 2
58 0 3
59 0 2
60 1 1
61 0 1
62 1 2
63 0 2
64 1 1
65 2 0
66 2 1
67 1 3
68 0 3
69 0 1
70 1 1
71 1 3
72 1 0
73 2 0
74 2 1
75 0 0
76 0 3
77 1 0
78 2 0
79 1 2
# colocadas=80 ocupadas=10 mayor=93
