0 0 0
1 0 1
2 0 0
3 1 0
4 0 0
5 0 2
6 1 0
7 0 0
8 1 1
9 0 1
10 1 0
11 0 2
12 1 1
13 1 0
14 1 1
15 0 3
16 0 2
17 0 1
18 1 0
19 1 1
20 0 2
21 0 1
22 0 0
23 0 1
24 0 0
25 0 1
26 1 1
27 0 1
28 0 2
29 0 1
30 1 1
31 0 1
32 0 2
33 0 1
34 1 1
35 0 1
36 1 1
37 0 1
38 0 2
39 1 0
40 0 3
41 0 2
42 0 3
43 0 2
44 0 1
45 0 2
46 1 1
47 2 0
48 1 0
49 0 1
50 0 0
51 0 1
52 0 0
53 0 1
54 1 1
55 1 0
56 0 0
57 0 1
58 0 0
59 0 1
60 0 0
61 2 0
62 0 1
63 1 0
64 0 0
65 0 1
66 0 0
67 0 1
68 0 0
69 2 1
70 1 1
71 2 0
72 0 1
73 1 0
74 0 0
75 1 0
76 2 1
77 0 0
78 0 2
79 0 1
# colocadas=80 ocupadas=3 mayor=154
