0 0 0
1 0 1
2 0 0
3 0 2
4 1 0
5 0 0
6 1 1
7 0 3
8 1 0
9 0 4
10 1 2
11 0 2
12 1 1
13 1 3
14 0 3
15 0 1
16 0 2
17 1 2
18 1 0
19 0 2
20 0 3
21 1 1
22 0 1
23 2 1
24 1 1
25 0 4
26 0 5
27 0 4
28 0 3
29 2 0
30 1 0
31 1 3
32 1 2
33 0 4
34 2 0
35 0 5
36 0 4
37 1 3
38 0 5
39 1 2
40 0 2
41 0 1
42 1 0
43 1 4
44 0 2
45 1 1
46 0 1
47 2 1
48 2 0
49 1 5
50 0 5
51 1 5
52 0 5
53 0 0
54 2 1
55 2 0
56 1 3
57 0 3
58 0 1
59 0 0
60 0 1
61 1 0
62 0 2
63 0 3
64 0 0
65 0 4
66 1 4
67 0 4
68 1 1
69 1 5
70 2 2
71 0 5
72 0 1
73 1 3
74 1 2
75 0 3
76 1 1
77 1 3
78 0 3
79 1 4
80 0 2
81 1 0
82 2 0
83 0 3
84 0 2
85 0 4
86 1 3
87 0 3
88 1 0
89 2 0
90 1 0
91 1 5
92 0 5
93 0 2
94 0 3
95 0 4
96 0 5
97 1 2
98 1 3
99 1 4
100 2 2
101 1 2
102 0 2
103 0 4
104 1 2
105 1 3
106 0 5
107 1 2
108 1 3
109 0 3
110 0 4
111 2 2
112 1 2
113 1 1
114 1 5
115 2 1
116 1 4
117 1 3
118 2 2
119 0 3
120 1 0
121 0 0
122 1 2
123 1 3
124 1 2
125 1 3
126 1 0
127 1 1
128 2 2
129 0 3
130 2 0
131 1 0
132 1 3
133 1 2
134 0 0
135 1 1
136 0 3
137 0 2
138 0 4
139 0 1
140 2 1
141 1 2
142 1 1
143 0 2
144 0 5
145 0 3
146 1 5
147 0 1
148 1 1
149 1 2
150 0 5
151 1 1
152 1 5
153 0 5
154 1 5
155 0 5
156 0 4
157 1 3
158 1 0
159 0 0
160 1 2
161 2 0
162 0 3
163 0 1
164 1 0
165 2 1
166 0 0
167 0 2
168 1 2
169 0 2
170 1 1
171 1 0
172 1 3
173 0 3
174 1 4
175 0 4
176 1 1
177 1 0
178 0 2
179 1 2
# colocadas=180 ocupadas=9 mayor=172
