0 0 0
1 0 1
2 0 0
3 0 2
4 0 3
5 0 4
6 0 3
7 0 5
8 1 2
9 0 2
10 1 1
11 0 3
12 1 2
13 0 2
14 1 4
15 0 4
16 1 0
17 0 0
18 0 1
19 1 1
20 1 4
21 0 4
22 1 0
23 1 2
24 0 2
25 0 1
26 1 1
27 1 5
28 0 5
29 1 0
30 0 2
31 1 4
32 0 1
33 0 2
34 0 4
35 1 5
36 1 2
37 0 2
38 0 5
39 1 1
40 0 1
41 0 4
42 0 5
43 0 2
44 0 1
45 1 2
46 0 2
47 1 1
48 0 4
49 0 3
50 1 4
51 1 5
52 0 2
53 1 0
54 1 1
55 0 1
56 0 3
57 0 0
58 0 2
59 0 1
60 0 2
61 1 3
62 0 1
63 2 4
64 0 5
65 1 0
66 0 0
67 0 3
68 1 2
69 0 2
70 1 1
71 0 1
72 0 4
73 0 2
74 0 5
75 0 1
76 0 4
77 0 3
78 1 1
79 0 4
80 0 1
81 1 2
82 0 2
83 1 2
84 1 4
85 1 3
86 1 0
87 0 2
88 0 0
89 1 0
90 0 0
91 0 5
92 1 1
93 1 2
94 0 4
95 0 3
96 0 4
97 0 1
98 0 2
99 1 3
100 0 3
101 0 1
102 1 3
103 2 2
104 1 0
105 0 3
106 0 0
107 1 3
108 0 3
109 1 2
110 1 1
111 0 5
112 0 1
113 1 3
114 1 0
115 0 4
116 0 0
117 1 5
118 0 3
119 1 2
120 0 5
121 0 4
122 0 2
123 1 2
124 1 4
125 0 2
126 1 1
127 1 3
128 1 0
129 0 0
130 1 0
131 0 3
132 1 2
133 0 2
134 1 2
135 0 0
136 0 1
137 0 4
138 0 0
139 1 1
140 0 1
141 2 2
142 0 3
143 0 5
144 1 2
145 1 0
146 0 2
147 0 3
148 2 1
149 0 0
150 1 1
151 0 1
152 0 0
153 0 1
154 0 0
155 2 0
156 0 4
157 0 5
158 0 2
159 0 4
160 1 3
161 1 0
162 2 0
163 0 3
164 0 1
165 1 0
166 0 2
167 0 5
168 1 2
169 1 4
170 0 2
171 0 4
172 0 3
173 1 4
174 0 2
175 0 1
176 1 1
177 0 4
178 1 0
179 1 3
# colocadas=180 ocupadas=8 mayor=168
