0 0 0
1 0 1
2 0 2
3 0 3
4 0 2
5 0 4
6 0 3
7 0 5
8 1 0
9 1 1
10 1 5
11 0 1
12 0 5
13 1 2
14 1 3
15 2 2
16 1 2
17 1 4
18 2 0
19 2 4
20 1 4
21 2 1
22 3 0
23 2 3
24 2 5
25 1 3
26 2 0
27 2 2
28 2 4
29 3 1
30 2 1
31 1 1
32 3 5
33 2 5
34 4 0
35 3 2
36 2 2
37 1 5
38 3 3
39 3 0
40 3 2
41 2 0
42 3 4
43 1 4
44 4 3
45 3 0
46 3 1
47 3 3
48 1 2
49 1 3
50 1 5
51 3 5
52 2 1
53 2 2
54 4 0
55 3 2
56 3 0
57 3 4
58 2 4
59 4 5
60 3 3
61 4 1
62 3 5
63 2 5
64 3 4
65 1 5
66 1 4
67 4 4
68 4 0
69 4 2
70 1 5
71 4 5
72 3 0
73 4 1
74 3 1
75 2 0
76 3 2
77 4 2
78 4 1
79 2 5
80 3 0
81 3 3
82 3 5
83 4 4
84 4 2
85 5 2
86 4 2
87 5 0
88 5 5
89 5 1
90 3 2
91 5 4
92 4 5
93 5 3
94 5 5
95 2 2
96 2 3
97 2 2
98 4 3
99 4 1
100 4 2
101 5 3
102 5 2
103 4 2
104 5 4
105 4 4
106 5 3
107 4 1
108 3 4
109 2 4
110 2 3
111 5 2
112 3 3
113 4 3
114 1 2
115 4 4
116 3 5
117 2 5
118 2 2
119 5 1
120 1 2
121 1 3
122 3 5
123 2 5
124 4 1
125 5 4
126 5 3
127 4 2
128 0 2
129 5 2
130 2 3
131 0 1
132 0 2
133 2 2
134 4 1
135 5 3
136 3 1
137 3 2
138 1 2
139 4 3
140 3 0
141 3 3
142 3 4
143 4 2
144 0 1
145 5 2
146 1 1
147 2 0
148 2 2
149 2 3
150 1 2
151 1 3
152 3 0
153 3 3
154 2 0
155 3 5
156 4 4
157 2 3
158 4 2
159 5 2
160 2 2
161 4 2
162 1 2
163 1 3
164 1 2
165 4 5
166 2 2
167 2 5
168 2 3
169 3 3
170 4 4
171 3 2
172 5 2
173 3 5
174 3 4
175 5 3
176 3 5
177 5 4
178 4 3
179 5 5
# colocadas=180 ocupadas=36 mayor=76
