0 0 0
1 0 1
2 0 0
3 1 0
4 0 0
5 0 2
6 1 0
7 0 0
8 1 1
9 0 1
10 1 0
11 0 2
12 1 1
13 1 0
14 1 1
15 0 3
16 0 2
17 0 1
18 1 0
19 1 1
20 0 2
21 0 1
22 0 0
23 0 1
24 0 0
25 0 1
26 1 1
27 0 1
28 0 2
29 0 1
30 1 1
31 0 1
32 0 2
33 0 1
34 1 1
35 0 1
36 1 1
37 0 1
38 0 2
39 1 0
40 0 3
41 0 2
42 0 3
43 0 2
44 0 1
45 0 2
46 1 1
47 2 0
48 1 0
49 0 1
50 0 0
51 0 1
52 0 0
53 0 1
54 1 1
55 1 0
56 0 0
57 0 1
58 0 0
59 0 1
60 0 0
61 2 0
62 0 1
63 1 0
64 0 0
65 0 1
66 0 0
67 0 1
68 0 0
69 2 1
70 1 1
71 2 0
72 0 1
73 1 0
74 0 0
75 1 0
76 2 1
77 0 0
78 0 2
79 0 1
80 0 3
81 1 1
82 1 0
83 0 2
84 0 3
85 0 0
86 0 2
87 0 4
88 0 1
89 0 0
90 0 1
91 0 3
92 0 0
93 0 5
94 0 4
95 0 1
96 0 2
97 0 3
98 0 5
99 0 0
100 0 2
101 0 4
102 0 3
103 0 1
104 0 2
105 0 1
106 0 2
107 1 1
108 0 1
109 1 0
110 0 2
111 1 1
112 0 1
113 0 0
114 0 1
115 1 0
116 0 3
117 0 0
118 0 2
119 0 1
120 0 4
121 0 3
122 1 2
123 0 2
124 1 2
125 0 0
126 0 2
127 0 1
128 1 2
129 0 0
130 0 2
131 0 4
132 0 1
133 0 0
134 0 3
135 0 1
136 0 4
137 0 3
138 0 4
139 0 3
140 1 2
141 0 0
142 0 2
143 0 4
144 0 1
145 1 0
146 0 0
147 0 1
148 0 0
149 1 0
150 0 0
151 0 3
152 0 1
153 0 0
154 0 1
155 0 2
156 0 0
157 1 0
158 0 3
159 0 0
160 0 1
161 0 2
162 0 0
163 0 3
164 0 2
165 0 4
166 0 1
167 0 2
168 0 1
169 0 2
170 0 3
171 0 4
172 0 1
173 0 3
174 0 0
175 0 1
176 0 5
177 0 4
178 0 2
179 0 0
# colocadas=180 ocupadas=3 mayor=312
