0 0 0
1 0 1
2 0 0
3 0 1
4 0 2
5 0 3
6 0 2
7 0 4
8 0 1
9 0 2
10 0 1
11 1 0
12 0 0
13 0 1
14 0 3
15 0 2
16 0 0
17 1 0
18 0 0
19 1 1
20 0 1
21 0 2
22 0 1
23 1 0
24 0 0
25 1 0
26 0 0
27 0 1
28 0 2
29 0 1
30 0 0
31 0 3
32 1 0
33 0 0
34 0 2
35 0 3
36 1 0
37 0 0
38 0 2
39 1 0
40 0 0
41 0 3
42 0 2
43 1 0
44 0 0
45 1 0
46 0 0
47 1 1
48 0 1
49 1 0
50 0 3
51 0 2
52 0 0
53 1 1
54 0 1
55 1 0
56 0 0
57 1 1
58 0 1
59 1 1
60 0 1
61 1 0
62 0 0
63 0 1
64 0 2
65 1 1
66 0 1
67 0 0
68 0 1
69 1 1
70 0 1
71 1 1
72 0 1
73 1 0
74 0 2
75 1 1
76 0 1
77 0 0
78 0 1
79 0 3
80 0 2
81 0 1
82 0 2
83 0 1
84 0 2
85 0 3
86 1 0
87 0 0
88 1 1
89 0 1
90 1 0
91 0 2
92 0 0
93 0 1
94 0 2
95 0 3
96 0 2
97 1 1
98 0 1
99 0 4
100 0 3
101 1 1
102 0 1
103 1 2
104 0 2
105 0 1
106 0 0
107 0 1
108 0 0
109 0 2
110 0 1
111 0 3
112 1 0
113 0 2
114 0 0
115 1 1
116 0 1
117 0 3
118 1 0
119 0 0
120 0 2
121 0 1
122 0 2
123 0 3
124 0 2
125 1 1
126 0 1
127 1 2
128 0 2
129 0 1
130 0 0
131 0 2
132 0 1
133 1 1
134 0 1
135 1 0
136 0 0
137 0 3
138 0 2
139 0 1
140 1 2
141 0 2
142 0 0
143 0 4
144 0 3
145 0 1
146 0 0
147 0 1
148 1 2
149 0 2
150 1 2
151 0 2
152 1 2
153 0 2
154 1 2
155 0 0
156 0 2
157 0 1
158 0 2
159 0 1
160 1 0
161 0 0
162 1 0
163 0 0
164 0 2
165 0 1
166 1 1
167 0 3
168 1 0
169 0 2
170 0 0
171 0 1
172 0 2
173 1 1
174 0 1
175 1 1
176 0 3
177 0 2
178 0 1
179 1 2
# colocadas=180 ocupadas=4 mayor=342
