0 0 0
1 0 1
2 0 2
3 0 3
4 1 0
5 0 2
6 0 3
7 0 0
8 0 2
9 1 1
10 0 1
11 1 2
12 0 0
13 0 4
14 0 5
15 1 4
16 0 4
17 1 1
18 0 3
19 0 1
20 1 1
21 0 4
22 1 3
23 1 5
24 0 3
25 2 0
26 0 5
27 1 2
28 1 4
29 0 2
30 1 0
31 1 1
32 0 1
33 1 1
34 1 3
35 0 1
36 1 2
37 0 2
38 1 4
39 0 4
40 1 3
41 0 5
42 0 4
43 0 3
44 0 2
45 2 2
46 0 1
47 1 2
48 2 1
49 2 0
50 2 1
51 1 4
52 2 3
53 0 2
54 1 3
55 2 2
56 0 1
57 0 3
58 1 1
59 0 4
60 1 3
61 0 3
62 1 4
63 1 2
64 0 4
65 0 3
66 0 2
67 1 1
68 0 1
69 0 3
70 1 1
71 0 4
72 1 5
73 1 2
74 2 1
75 0 5
76 0 2
77 1 3
78 0 3
79 1 4
80 0 4
81 1 5
82 1 2
83 1 1
84 2 0
85 2 1
86 0 1
87 0 2
88 0 1
89 0 0
90 0 3
91 1 3
92 0 5
93 2 0
94 1 2
95 0 4
96 0 5
97 1 3
98 1 0
99 1 2
100 2 0
101 0 4
102 1 0
103 0 2
104 1 2
105 1 1
106 2 0
107 1 5
108 1 4
109 0 5
110 1 5
111 1 0
112 2 1
113 0 0
114 1 3
115 0 5
116 0 4
117 0 5
118 1 4
119 2 5
120 0 4
121 1 5
122 1 3
123 1 2
124 1 3
125 2 0
126 1 4
127 2 1
128 1 1
129 1 0
130 1 1
131 2 4
132 1 4
133 2 2
134 3 0
135 2 0
136 2 4
137 1 4
138 2 1
139 3 1
140 1 1
141 2 2
142 1 3
143 2 3
144 1 2
145 1 3
146 0 3
147 0 1
148 2 1
149 1 1
150 2 5
151 1 5
152 2 5
153 2 1
154 1 1
155 1 3
156 1 5
157 2 2
158 1 0
159 1 1
160 2 5
161 1 0
162 1 1
163 0 1
164 1 1
165 0 1
166 1 2
167 1 5
168 0 5
169 0 4
170 2 1
171 1 1
172 1 2
173 1 4
174 1 3
175 2 2
176 0 2
177 1 5
178 2 4
179 1 4
# colocadas=180 ocupadas=12 mayor=145
