0 0 0
1 0 1
2 0 2
3 0 1
4 1 0
5 0 0
6 0 1
7 0 0
8 0 2
9 1 1
10 0 1
11 1 2
12 0 0
13 0 2
14 0 1
15 0 3
16 0 2
17 0 4
18 0 3
19 0 5
20 0 2
21 0 4
22 0 3
23 0 0
24 0 5
25 0 1
26 0 0
27 0 4
28 0 2
29 0 3
30 0 1
31 0 2
32 0 3
33 0 2
34 1 1
35 0 1
36 1 0
37 1 1
38 0 2
39 0 1
40 0 3
41 0 0
42 0 2
43 0 1
44 0 3
45 0 2
46 0 1
47 0 2
48 1 0
49 0 0
50 1 0
51 0 3
52 0 0
53 0 1
54 0 0
55 0 2
56 0 1
57 0 2
58 1 1
59 0 3
60 1 0
61 0 0
62 0 4
63 1 0
64 0 3
65 0 2
66 0 3
67 0 2
68 0 1
69 0 2
70 1 1
71 0 3
72 1 0
73 1 2
74 0 2
75 1 1
76 0 1
77 0 0
78 0 1
79 0 3
80 0 2
81 0 1
82 0 0
83 0 4
84 0 3
85 0 4
86 0 1
87 0 2
88 0 1
89 0 3
90 0 2
91 0 0
92 0 1
93 0 3
94 0 0
95 0 1
96 0 0
97 0 1
98 0 4
99 0 3
100 0 5
101 0 4
102 0 5
103 0 2
104 0 4
105 0 3
106 0 5
107 0 0
108 0 1
109 0 0
110 0 1
111 0 2
112 0 4
113 0 3
114 0 0
115 0 5
116 0 4
117 0 5
118 0 1
119 0 0
120 0 1
121 0 0
122 0 4
123 0 5
124 0 2
125 0 4
126 0 1
127 0 2
128 0 1
129 0 2
130 0 1
131 0 3
132 0 2
133 0 0
134 0 3
135 0 1
136 0 2
137 0 1
138 1 0
139 0 2
140 0 0
141 1 0
142 0 3
143 0 0
144 0 2
145 0 1
146 0 0
147 1 1
148 0 1
149 1 1
150 0 1
151 1 1
152 0 1
153 1 1
154 0 1
155 0 3
156 1 0
157 0 0
158 0 2
159 0 1
160 1 0
161 0 0
162 1 1
163 0 1
164 0 2
165 0 1
166 0 2
167 0 4
168 0 1
169 1 0
170 0 3
171 0 0
172 1 1
173 0 2
174 0 1
175 0 2
176 0 1
177 1 0
178 0 0
179 1 0
# colocadas=180 ocupadas=3 mayor=323
