0 0 0
1 0 1
2 0 0
3 0 2
4 0 3
5 0 4
6 0 3
7 0 5
8 1 2
9 0 2
10 1 1
11 0 3
12 1 2
13 0 2
14 1 4
15 0 4
16 1 0
17 0 0
18 0 1
19 1 1
20 1 4
21 0 4
22 1 0
23 1 2
24 0 2
25 0 1
26 1 1
27 0 6
28 0 5
29 1 0
30 0 2
31 1 4
32 0 1
33 0 2
34 0 4
35 0 6
36 1 2
37 0 2
38 0 5
39 1 1
40 0 1
41 0 4
42 0 5
43 0 2
44 0 1
45 1 2
46 0 2
47 1 1
48 0 4
49 0 3
50 0 7
51 0 6
52 0 2
53 1 0
54 1 1
55 0 1
56 0 3
57 0 0
58 0 2
59 0 1
60 0 2
61 1 3
62 0 1
63 1 7
64 0 5
65 1 0
66 0 0
67 0 3
68 1 2
69 0 2
70 1 1
71 0 1
72 0 4
73 0 2
74 0 5
75 0 1
76 0 4
77 0 3
78 1 1
79 0 4
80 0 1
81 1 2
82 0 2
83 1 2
84 0 7
85 0 6
86 1 0
87 0 2
88 0 0
89 1 0
90 0 0
91 0 5
92 1 1
93 0 7
94 0 4
95 0 3
96 0 4
97 0 1
98 0 2
99 1 3
100 0 3
101 0 1
102 1 3
103 0 6
104 1 0
105 0 3
106 0 0
107 1 3
108 0 3
109 0 5
110 1 1
111 1 4
112 0 1
113 0 4
114 1 0
115 1 3
116 0 0
117 1 5
118 0 3
119 1 2
120 0 5
121 0 6
122 0 2
123 1 2
124 0 5
125 0 2
126 1 1
127 0 4
128 1 0
129 0 0
130 1 0
131 0 5
132 0 3
133 0 2
134 1 2
135 0 0
136 0 1
137 0 6
138 0 0
139 1 1
140 0 1
141 1 3
142 0 3
143 0 5
144 1 4
145 1 0
146 0 2
147 0 3
148 1 2
149 0 0
150 0 2
151 0 1
152 0 0
153 0 1
154 0 0
155 1 1
156 0 4
157 0 5
158 0 4
159 0 6
160 1 3
161 0 1
162 1 1
163 0 3
164 0 5
165 0 1
166 1 0
167 0 4
168 0 0
169 0 5
170 1 3
171 0 6
172 0 3
173 0 5
174 1 4
175 1 2
176 0 2
177 0 4
178 0 1
179 0 6
180 0 0
181 0 5
182 0 7
183 0 4
184 0 1
185 1 3
186 1 1
187 1 0
188 0 3
189 0 0
190 1 0
191 0 4
192 0 6
193 0 0
194 0 3
195 1 1
196 0 5
197 0 4
198 0 3
199 0 1
200 1 4
201 1 2
202 0 0
203 0 2
204 0 4
205 0 1
206 1 3
207 0 0
208 0 6
209 0 1
210 0 3
211 1 3
212 0 5
213 0 6
214 0 3
215 0 0
216 0 5
217 1 2
218 0 4
219 0 1
220 1 0
221 0 2
222 0 5
223 0 6
224 1 1
225 2 0
226 0 1
227 1 0
228 0 5
229 0 4
230 1 2
231 0 0
232 0 1
233 1 3
234 0 3
235 0 0
236 1 0
237 1 4
238 0 5
239 0 4
240 0 0
241 0 2
242 1 3
243 1 1
244 0 1
245 0 5
246 0 4
247 0 2
248 0 3
249 1 0
250 1 1
251 0 2
252 0 5
253 0 3
254 0 6
255 0 5
256 1 2
257 1 3
258 1 0
259 1 1
260 0 1
261 1 1
262 0 1
263 1 1
264 0 1
265 1 4
266 0 4
267 1 1
268 1 5
269 1 2
270 1 3
271 0 5
272 1 0
273 1 4
274 0 4
275 1 1
276 1 0
277 0 0
278 1 5
279 0 1
280 1 2
281 0 2
282 0 3
283 1 1
284 0 1
285 0 6
286 0 5
287 1 4
288 0 2
289 0 1
290 1 2
291 0 0
292 0 1
293 1 1
294 0 2
295 0 1
296 1 0
297 0 2
298 0 0
299 0 1
300 0 3
301 0 2
302 0 4
303 1 3
304 0 6
305 0 3
306 1 2
307 0 5
308 0 4
309 0 5
310 0 6
311 0 5
312 1 4
313 1 3
314 0 4
315 1 2
316 0 6
317 1 5
318 0 5
319 1 1
# colocadas=320 ocupadas=10 mayor=292
