0 0 0
1 0 1
2 0 2
3 0 3
4 0 2
5 0 4
6 0 3
7 0 5
8 0 6
9 1 1
10 1 5
11 0 1
12 0 5
13 0 7
14 1 0
15 1 7
16 1 3
17 0 3
18 1 4
19 0 4
20 0 3
21 0 7
22 2 4
23 2 0
24 1 4
25 1 0
26 0 0
27 1 6
28 1 2
29 0 6
30 2 1
31 2 5
32 0 4
33 1 5
34 1 4
35 1 7
36 1 1
37 1 3
38 0 7
39 0 3
40 1 6
41 0 6
42 1 2
43 2 3
44 1 7
45 1 3
46 2 2
47 2 6
48 0 7
49 1 4
50 2 4
51 1 4
52 2 1
53 1 1
54 0 1
55 1 6
56 2 5
57 3 1
58 0 4
59 1 5
60 2 1
61 1 4
62 2 6
63 2 5
64 3 1
65 1 3
66 2 1
67 1 1
68 2 7
69 2 4
70 1 2
71 1 4
72 0 2
73 2 3
74 1 5
75 0 3
76 0 2
77 2 2
78 2 3
79 2 6
80 2 2
81 0 1
82 0 0
83 1 0
84 1 6
85 1 5
86 3 4
87 2 4
88 1 1
89 3 3
90 2 3
91 1 3
92 0 1
93 1 6
94 1 2
95 2 1
96 1 1
97 1 7
98 0 7
99 3 4
100 1 3
101 2 0
102 1 0
103 2 4
104 2 1
105 3 0
106 2 0
107 1 0
108 2 7
109 1 1
110 1 0
111 3 2
112 1 7
113 3 1
114 3 7
115 2 2
116 1 6
117 2 6
118 2 7
119 2 1
120 1 1
121 0 7
122 1 6
123 0 6
124 1 2
125 1 6
126 3 3
127 0 2
128 1 2
129 3 2
130 2 6
131 3 3
132 2 3
133 1 5
134 3 0
135 4 1
136 3 3
137 2 3
138 2 5
139 2 7
140 1 7
141 3 6
142 1 5
143 3 1
144 0 7
145 3 2
146 3 4
147 2 0
148 1 0
149 1 4
150 0 4
151 0 6
152 0 3
153 0 4
154 1 1
155 0 5
156 1 2
157 2 4
158 3 1
159 3 2
160 1 4
161 3 1
162 2 5
163 2 6
164 2 5
165 3 5
166 2 5
167 2 4
168 3 7
169 3 3
170 2 3
171 3 6
172 4 0
173 3 2
174 2 2
175 3 7
176 4 4
177 1 3
178 2 7
179 2 6
180 2 7
181 3 2
182 3 4
183 4 5
184 3 3
185 3 5
186 3 4
187 3 7
188 2 7
189 4 1
190 3 1
191 4 2
192 4 4
193 3 4
194 3 5
195 3 4
196 3 5
197 4 1
198 4 3
199 3 3
200 4 5
201 3 5
202 2 5
203 4 4
204 2 4
205 5 0
206 4 0
207 3 4
208 3 5
209 4 1
210 4 2
211 4 6
212 3 2
213 2 2
214 3 1
215 3 6
216 4 6
217 4 0
218 3 6
219 1 2
220 4 5
221 4 6
222 3 7
223 4 3
224 3 6
225 4 5
226 5 1
227 4 6
228 3 7
229 3 0
230 3 3
231 4 1
232 4 0
233 5 2
234 4 2
235 5 1
236 3 6
237 4 1
238 2 3
239 3 0
240 4 5
241 3 5
242 2 5
243 3 5
244 5 0
245 4 0
246 3 6
247 5 4
248 3 5
249 3 3
250 3 2
251 3 0
252 4 4
253 3 1
254 4 5
255 3 3
256 4 1
257 4 0
258 3 0
259 4 2
260 4 6
261 4 4
262 6 0
263 3 2
264 3 6
265 4 2
266 4 1
267 4 3
268 4 6
269 5 0
270 4 5
271 3 6
272 4 7
273 5 2
274 5 6
275 3 7
276 4 2
277 5 1
278 5 0
279 4 6
280 3 2
281 5 1
282 5 2
283 3 1
284 4 7
285 4 4
286 5 1
287 5 2
288 4 5
289 5 1
290 5 3
291 4 6
292 5 2
293 4 2
294 5 6
295 5 0
296 4 6
297 4 7
298 4 3
299 5 1
300 4 4
301 4 6
302 4 5
303 5 4
304 5 3
305 4 3
306 4 7
307 5 7
308 5 3
309 5 0
310 4 0
311 4 1
312 5 5
313 5 4
314 5 2
315 3 1
316 2 1
317 4 4
318 5 3
319 4 5
# colocadas=320 ocupadas=44 mayor=150
