0 0 0
1 0 1
2 0 2
3 0 1
4 1 0
5 0 0
6 0 1
7 0 0
8 0 2
9 1 1
10 0 1
11 1 2
12 0 0
13 0 2
14 0 1
15 0 3
16 0 2
17 0 4
18 0 3
19 0 5
20 0 2
21 0 4
22 0 3
23 0 0
24 0 5
25 0 1
26 0 0
27 0 4
28 0 2
29 0 3
30 0 1
31 0 2
32 0 3
33 0 2
34 1 1
35 0 1
36 1 0
37 1 1
38 0 2
39 0 1
40 0 3
41 0 0
42 0 2
43 0 1
44 0 3
45 0 2
46 0 1
47 0 2
48 1 0
49 0 0
50 1 0
51 0 3
52 0 0
53 0 1
54 0 0
55 0 2
56 0 1
57 0 2
58 1 1
59 0 3
60 1 0
61 0 0
62 0 4
63 1 0
64 0 3
65 0 2
66 0 3
67 0 2
68 0 1
69 0 2
70 1 1
71 0 3
72 1 0
73 1 2
74 0 2
75 1 1
76 0 1
77 0 0
78 0 1
79 0 3
80 0 2
81 0 1
82 0 0
83 0 4
84 0 3
85 0 4
86 0 1
87 0 2
88 0 1
89 0 3
90 0 2
91 0 0
92 0 1
93 0 3
94 0 0
95 0 1
96 0 0
97 0 1
98 0 4
99 0 3
100 0 5
101 0 4
102 0 5
103 0 2
104 0 4
105 0 3
106 0 5
107 0 0
108 0 1
109 0 0
110 0 1
111 0 2
112 0 4
113 0 3
114 0 0
115 0 5
116 0 4
117 0 5
118 0 1
119 0 0
120 0 1
121 0 0
122 0 4
123 0 5
124 0 2
125 0 4
126 0 1
127 0 2
128 0 1
129 0 2
130 0 1
131 0 3
132 0 2
133 0 0
134 0 3
135 0 1
136 0 2
137 0 1
138 1 0
139 0 2
140 0 0
141 1 0
142 0 3
143 0 0
144 0 2
145 0 1
146 0 0
147 1 1
148 0 1
149 1 1
150 0 1
151 1 1
152 0 1
153 1 1
154 0 1
155 0 3
156 1 0
157 0 0
158 0 2
159 0 1
160 1 0
161 0 0
162 1 1
163 0 1
164 0 2
165 0 1
166 0 2
167 0 4
168 0 1
169 1 0
170 0 3
171 0 0
172 1 1
173 0 2
174 0 1
175 0 2
176 0 1
177 1 0
178 0 0
179 1 0
180 0 3
181 0 0
182 0 1
183 0 0
184 0 2
185 0 1
186 0 0
187 0 4
188 0 3
189 0 1
190 0 2
191 1 1
192 0 1
193 0 0
194 0 1
195 0 0
196 0 1
197 1 0
198 0 0
199 1 0
200 0 0
201 0 1
202 0 3
203 0 0
204 0 1
205 0 0
206 1 0
207 0 0
208 0 1
209 0 0
210 1 0
211 0 0
212 0 2
213 0 1
214 0 3
215 0 0
216 0 1
217 0 0
218 0 2
219 0 3
220 0 2
221 0 1
222 0 2
223 1 0
224 0 3
225 0 0
226 1 1
227 0 1
228 0 2
229 1 0
230 0 3
231 0 0
232 1 0
233 0 0
234 1 0
235 0 0
236 0 2
237 0 1
238 0 4
239 0 3
240 1 2
241 0 2
242 0 3
243 0 2
244 0 0
245 0 4
246 0 1
247 0 2
248 0 1
249 0 3
250 0 2
251 0 3
252 0 2
253 0 1
254 1 2
255 0 0
256 0 2
257 0 1
258 0 2
259 1 1
260 0 1
261 0 2
262 0 1
263 1 0
264 0 3
265 0 0
266 0 2
267 1 0
268 0 3
269 0 0
270 0 2
271 0 1
272 0 0
273 1 1
274 0 1
275 1 0
276 0 0
277 1 0
278 1 1
279 0 2
280 0 1
281 1 1
282 0 1
283 1 1
284 0 1
285 0 2
286 0 1
287 1 1
288 0 1
289 1 0
290 0 0
291 0 3
292 0 2
293 0 1
294 0 2
295 1 0
296 0 3
297 0 2
298 0 3
299 0 0
300 0 2
301 0 4
302 0 1
303 0 0
304 0 3
305 0 4
306 0 3
307 0 4
308 0 1
309 0 2
310 0 3
311 0 1
312 0 0
313 0 1
314 0 2
315 0 4
316 0 1
317 0 0
318 0 1
319 1 0
# colocadas=320 ocupadas=3 mayor=599
