0 0 0
1 0 1
2 0 2
3 0 3
4 1 2
5 0 2
6 0 4
7 1 0
8 0 5
9 0 0
10 0 4
11 1 1
12 0 6
13 0 3
14 0 5
15 0 4
16 0 7
17 1 7
18 1 3
19 0 7
20 1 0
21 1 4
22 0 4
23 1 5
24 1 2
25 1 1
26 2 1
27 1 1
28 1 0
29 1 6
30 1 4
31 0 6
32 2 7
33 1 3
34 1 7
35 0 3
36 1 1
37 2 6
38 1 3
39 2 1
40 2 3
41 1 3
42 1 1
43 1 6
44 2 0
45 0 1
46 1 0
47 2 7
48 1 7
49 2 0
50 3 0
51 2 3
52 2 0
53 1 3
54 2 4
55 1 4
56 1 5
57 2 5
58 1 5
59 2 2
60 2 6
61 3 3
62 2 3
63 3 1
64 2 1
65 2 7
66 3 7
67 3 5
68 2 5
69 3 0
70 3 4
71 2 0
72 3 2
73 1 5
74 2 4
75 0 5
76 3 0
77 4 1
78 3 4
79 3 1
80 2 2
81 2 1
82 1 1
83 3 5
84 2 1
85 2 3
86 3 4
87 2 0
88 2 2
89 1 2
90 2 1
91 4 1
92 2 2
93 3 6
94 3 1
95 2 3
96 1 1
97 2 4
98 2 6
99 2 2
100 1 6
101 3 5
102 2 7
103 4 0
104 2 3
105 2 4
106 2 3
107 1 7
108 3 2
109 1 6
110 2 6
111 3 4
112 3 1
113 1 3
114 3 0
115 2 4
116 1 5
117 1 4
118 3 1
119 3 0
120 2 5
121 3 4
122 2 6
123 2 7
124 4 1
125 2 6
126 3 1
127 3 3
128 4 0
129 3 6
130 2 6
131 3 5
132 2 5
133 3 7
134 4 1
135 4 3
136 3 3
137 3 4
138 4 2
139 3 2
140 3 3
141 4 7
142 3 5
143 4 4
144 5 0
145 4 0
146 5 1
147 3 0
148 3 4
149 3 7
150 5 0
151 3 1
152 5 1
153 5 0
154 5 1
155 3 2
156 2 4
157 4 7
158 4 2
159 1 4
160 3 2
161 1 3
162 5 3
163 2 2
164 2 3
165 3 3
166 4 5
167 5 0
168 3 7
169 5 1
170 4 3
171 4 2
172 3 5
173 4 1
174 5 0
175 3 4
176 5 2
177 4 2
178 2 4
179 2 7
180 1 7
181 2 3
182 1 3
183 4 0
184 0 7
185 4 3
186 4 1
187 0 6
188 0 5
189 3 3
190 3 4
191 4 2
192 5 1
193 2 3
194 4 1
195 3 2
196 1 5
197 1 6
198 2 4
199 4 0
200 2 5
201 2 6
202 3 5
203 3 6
204 3 4
205 3 7
206 3 5
207 2 7
208 3 6
209 2 6
210 4 4
211 3 4
212 1 5
213 4 1
214 4 2
215 4 3
216 1 4
217 5 1
218 5 2
219 2 4
220 1 6
221 0 6
222 3 5
223 0 5
224 1 5
225 0 5
226 1 7
227 0 4
228 0 3
229 1 6
230 0 2
231 4 4
232 1 2
233 2 3
234 4 3
235 5 4
236 2 5
237 1 5
238 4 2
239 2 4
240 4 4
241 2 5
242 4 1
243 4 2
244 2 2
245 5 1
246 4 1
247 2 3
248 5 2
249 6 1
250 2 4
251 2 5
252 2 4
253 3 3
254 2 2
255 2 1
256 2 5
257 1 5
258 4 2
259 3 2
260 2 0
261 4 0
262 5 1
263 4 1
264 2 1
265 1 6
266 6 1
267 3 1
268 0 6
269 1 6
270 4 2
271 3 2
272 4 2
273 2 6
274 3 2
275 1 6
276 3 6
277 5 1
278 3 5
279 4 2
280 3 6
281 2 7
282 2 6
283 1 7
284 3 5
285 2 5
286 2 6
287 2 5
288 2 7
289 1 5
290 0 5
291 2 6
292 3 0
293 3 7
294 6 1
295 3 2
296 3 3
297 4 3
298 2 7
299 5 4
300 1 7
301 4 2
302 0 7
303 2 3
304 5 1
305 3 2
306 0 6
307 1 6
308 1 7
309 2 6
310 2 2
311 4 4
312 2 1
313 2 7
314 5 3
315 4 6
316 4 3
317 3 7
318 0 7
319 4 2
# colocadas=320 ocupadas=33 mayor=165
