0 0 0
1 0 1
2 0 0
3 0 1
4 0 2
5 0 3
6 0 2
7 0 4
8 0 1
9 0 2
10 0 1
11 1 0
12 0 0
13 0 1
14 0 3
15 0 2
16 0 0
17 1 0
18 0 0
19 1 1
20 0 1
21 0 2
22 0 1
23 1 0
24 0 0
25 1 0
26 0 0
27 0 1
28 0 2
29 0 1
30 0 0
31 0 3
32 1 0
33 0 0
34 0 2
35 0 3
36 1 0
37 0 0
38 0 2
39 1 0
40 0 0
41 0 3
42 0 2
43 1 0
44 0 0
45 1 0
46 0 0
47 1 1
48 0 1
49 1 0
50 0 3
51 0 2
52 0 0
53 1 1
54 0 1
55 1 0
56 0 0
57 1 1
58 0 1
59 1 1
60 0 1
61 1 0
62 0 0
63 0 1
64 0 2
65 1 1
66 0 1
67 0 0
68 0 1
69 1 1
70 0 1
71 1 1
72 0 1
73 1 0
74 0 2
75 1 1
76 0 1
77 0 0
78 0 1
79 0 3
80 0 2
81 0 1
82 0 2
83 0 1
84 0 2
85 0 3
86 1 0
87 0 0
88 1 1
89 0 1
90 1 0
91 0 2
92 0 0
93 0 1
94 0 2
95 0 3
96 0 2
97 1 1
98 0 1
99 0 4
100 0 3
101 1 1
102 0 1
103 1 2
104 0 2
105 0 1
106 0 0
107 0 1
108 0 0
109 0 2
110 0 1
111 0 3
112 1 0
113 0 2
114 0 0
115 1 1
116 0 1
117 0 3
118 1 0
119 0 0
120 0 2
121 0 1
122 0 2
123 0 3
124 0 2
125 1 1
126 0 1
127 1 2
128 0 2
129 0 1
130 0 0
131 0 2
132 0 1
133 1 1
134 0 1
135 1 0
136 0 0
137 0 3
138 0 2
139 0 1
140 1 2
141 0 2
142 0 0
143 0 4
144 0 3
145 0 1
146 0 0
147 0 1
148 1 2
149 0 2
150 1 2
151 0 2
152 1 2
153 0 2
154 1 2
155 0 0
156 0 2
157 0 1
158 0 2
159 0 1
160 1 0
161 0 0
162 1 0
163 0 0
164 0 2
165 0 1
166 1 1
167 0 3
168 1 0
169 0 2
170 0 0
171 0 1
172 0 2
173 1 1
174 0 1
175 1 1
176 0 3
177 0 2
178 0 1
179 1 2
180 0 2
181 1 1
182 0 1
183 1 1
184 0 1
185 0 2
186 0 3
187 0 4
188 1 0
189 0 3
190 0 4
191 1 1
192 1 0
193 0 3
194 1 1
195 0 4
196 1 0
197 1 1
198 0 3
199 0 2
200 0 1
201 1 0
202 0 5
203 0 0
204 1 1
205 0 1
206 0 2
207 0 4
208 1 0
209 0 3
210 1 2
211 0 2
212 1 1
213 1 0
214 1 1
215 0 4
216 1 0
217 0 3
218 1 1
219 0 2
220 0 3
221 1 0
222 0 0
223 0 1
224 0 0
225 0 4
226 0 3
227 0 4
228 1 0
229 1 1
230 0 3
231 0 2
232 0 1
233 1 0
234 0 2
235 0 3
236 0 4
237 1 1
238 1 0
239 1 1
240 0 3
241 1 0
242 1 2
243 0 0
244 0 1
245 0 2
246 1 2
247 1 1
248 0 1
249 0 2
250 0 3
251 0 2
252 0 1
253 0 0
254 0 4
255 0 3
256 1 1
257 1 0
258 0 4
259 0 3
260 0 2
261 0 3
262 0 2
263 0 3
264 0 2
265 1 1
266 0 3
267 0 4
268 1 0
269 1 1
270 1 0
271 1 1
272 0 3
273 0 4
274 0 3
275 0 2
276 0 1
277 0 2
278 0 3
279 1 0
280 0 0
281 0 1
282 1 2
283 0 0
284 0 4
285 1 1
286 1 0
287 0 3
288 0 4
289 0 3
290 0 2
291 0 3
292 0 2
293 0 1
294 0 2
295 0 1
296 0 2
297 1 1
298 0 3
299 1 0
300 1 2
301 0 2
302 0 4
303 0 3
304 1 1
305 0 2
306 0 1
307 0 5
308 0 4
309 1 0
310 0 0
311 1 0
312 0 5
313 0 0
314 0 1
315 0 2
316 0 1
317 0 0
318 0 4
319 0 3
# colocadas=320 ocupadas=5 mayor=473
