0 0 0
1 0 1
2 0 2
3 0 3
4 1 0
5 0 2
6 0 3
7 0 0
8 0 2
9 1 1
10 0 1
11 1 2
12 0 0
13 0 4
14 0 5
15 1 4
16 0 4
17 1 1
18 0 3
19 0 1
20 1 1
21 0 4
22 1 3
23 0 6
24 0 3
25 2 0
26 0 5
27 1 2
28 1 4
29 0 2
30 1 0
31 1 1
32 0 1
33 1 1
34 1 3
35 0 1
36 1 2
37 0 2
38 1 4
39 0 4
40 1 3
41 0 5
42 0 4
43 0 3
44 0 2
45 2 2
46 0 1
47 1 2
48 2 1
49 2 0
50 2 1
51 1 4
52 2 3
53 0 2
54 1 3
55 2 2
56 0 1
57 0 3
58 1 1
59 0 4
60 1 3
61 0 3
62 1 4
63 1 2
64 0 4
65 0 3
66 0 2
67 1 1
68 0 1
69 0 3
70 1 1
71 0 4
72 0 6
73 1 2
74 2 1
75 0 5
76 0 2
77 1 3
78 0 3
79 1 4
80 0 4
81 0 6
82 1 2
83 1 1
84 2 0
85 2 1
86 0 1
87 0 2
88 0 1
89 0 0
90 0 3
91 1 3
92 0 5
93 2 0
94 1 2
95 0 4
96 0 5
97 1 3
98 1 0
99 1 2
100 2 0
101 0 4
102 1 0
103 0 2
104 1 2
105 0 6
106 1 1
107 1 5
108 1 4
109 0 5
110 1 5
111 1 0
112 2 1
113 0 5
114 1 3
115 1 1
116 1 2
117 1 1
118 1 2
119 0 0
120 1 3
121 0 1
122 1 2
123 1 1
124 0 6
125 2 0
126 0 0
127 0 5
128 1 0
129 0 0
130 1 2
131 1 0
132 0 0
133 1 3
134 1 0
135 0 6
136 0 5
137 0 7
138 1 2
139 2 0
140 1 4
141 1 3
142 1 0
143 0 6
144 0 5
145 0 4
146 0 3
147 0 4
148 1 2
149 1 1
150 1 4
151 0 4
152 1 4
153 1 2
154 0 4
155 1 1
156 1 3
157 2 2
158 0 3
159 0 4
160 0 3
161 1 0
162 0 0
163 0 1
164 0 0
165 0 1
166 1 2
167 1 5
168 1 3
169 1 2
170 2 1
171 1 4
172 0 2
173 0 5
174 1 2
175 1 1
176 0 0
177 1 3
178 1 0
179 2 0
180 1 0
181 1 7
182 0 7
183 1 1
184 0 1
185 2 1
186 1 4
187 0 0
188 1 0
189 0 0
190 0 6
191 0 1
192 1 3
193 1 1
194 2 1
195 1 1
196 1 4
197 0 0
198 0 1
199 0 0
200 1 3
201 0 1
202 0 5
203 1 4
204 1 1
205 0 1
206 0 6
207 0 2
208 0 3
209 0 7
210 0 2
211 1 3
212 0 6
213 0 1
214 1 1
215 1 4
216 1 3
217 0 5
218 1 0
219 1 1
220 1 2
221 1 3
222 2 0
223 0 4
224 1 0
225 1 2
226 1 6
227 1 3
228 2 0
229 0 5
230 1 0
231 1 2
232 0 4
233 0 2
234 1 2
235 0 2
236 1 2
237 1 5
238 2 0
239 0 5
240 1 3
241 0 6
242 0 5
243 2 2
244 0 3
245 0 4
246 1 2
247 2 2
248 1 2
249 0 5
250 0 4
251 1 0
252 2 1
253 0 5
254 2 0
255 0 6
256 1 4
257 0 4
258 1 3
259 1 2
260 2 1
261 1 1
262 0 7
263 1 5
264 2 1
265 1 1
266 1 2
267 1 4
268 2 0
269 0 6
270 2 1
271 1 5
272 0 5
273 1 6
274 2 0
275 0 4
276 1 3
277 0 5
278 0 6
279 2 1
280 1 5
281 0 5
282 1 5
283 0 5
284 2 0
285 2 1
286 1 4
287 1 5
288 1 4
289 0 4
290 0 3
291 0 2
292 1 2
293 1 1
294 0 1
295 0 5
296 2 0
297 2 1
298 2 0
299 0 4
300 1 3
301 2 1
302 0 5
303 0 2
304 2 0
305 2 1
306 0 3
307 0 4
308 1 2
309 0 3
310 1 1
311 0 1
312 1 4
313 0 0
314 1 3
315 1 0
316 1 2
317 0 2
318 2 3
319 0 1
# colocadas=320 ocupadas=10 mayor=319
