0 0 0
1 0 1
2 0 0
3 1 0
4 0 0
5 0 2
6 1 0
7 0 0
8 1 1
9 0 1
10 1 0
11 0 2
12 1 1
13 1 0
14 1 1
15 0 3
16 0 2
17 0 1
18 1 0
19 1 1
20 0 2
21 0 1
22 0 0
23 0 1
24 0 0
25 0 1
26 1 1
27 0 1
28 0 2
29 0 1
30 1 1
31 0 1
32 0 2
33 0 1
34 1 1
35 0 1
36 1 1
37 0 1
38 0 2
39 1 0
40 0 3
41 0 2
42 0 3
43 0 2
44 0 1
45 0 2
46 1 1
47 2 0
48 1 0
49 0 1
50 0 0
51 0 1
52 0 0
53 0 1
54 1 1
55 1 0
56 0 0
57 0 1
58 0 0
59 0 1
60 0 0
61 2 0
62 0 1
63 1 0
64 0 0
65 0 1
66 0 0
67 0 1
68 0 0
69 2 1
70 1 1
71 2 0
72 0 1
73 1 0
74 0 0
75 1 0
76 2 1
77 0 0
78 0 2
79 0 1
80 0 3
81 1 1
82 1 0
83 0 2
84 0 3
85 0 0
86 0 2
87 0 4
88 0 1
89 0 0
90 0 1
91 0 3
92 0 0
93 0 5
94 0 4
95 0 1
96 0 2
97 0 3
98 0 5
99 0 0
100 0 2
101 0 4
102 0 3
103 0 1
104 0 2
105 0 1
106 0 2
107 1 1
108 0 1
109 1 0
110 0 2
111 1 1
112 0 1
113 0 0
114 0 1
115 1 0
116 0 3
117 0 0
118 0 2
119 0 1
120 0 4
121 0 3
122 1 2
123 0 2
124 1 2
125 0 0
126 0 2
127 0 1
128 1 2
129 0 0
130 0 2
131 0 4
132 0 1
133 0 0
134 0 3
135 0 1
136 0 4
137 0 3
138 0 4
139 0 3
140 1 2
141 0 0
142 0 2
143 0 4
144 0 1
145 1 0
146 0 0
147 0 1
148 0 0
149 1 0
150 0 0
151 0 3
152 0 1
153 0 0
154 0 1
155 0 2
156 0 0
157 1 0
158 0 3
159 0 0
160 0 1
161 0 2
162 0 0
163 0 3
164 0 2
165 0 4
166 0 1
167 0 2
168 0 1
169 0 2
170 0 3
171 0 4
172 0 1
173 0 3
174 0 0
175 0 1
176 0 5
177 0 4
178 0 2
179 0 0
180 0 1
181 0 3
182 0 4
183 0 3
184 0 5
185 0 4
186 0 5
187 0 0
188 0 4
189 0 1
190 0 0
191 0 2
192 0 3
193 0 1
194 0 2
195 0 1
196 1 0
197 0 0
198 0 2
199 0 1
200 0 0
201 1 0
202 0 0
203 1 1
204 0 1
205 0 0
206 0 1
207 1 0
208 0 0
209 1 0
210 0 0
211 1 1
212 0 1
213 0 3
214 0 2
215 1 0
216 0 3
217 0 2
218 0 3
219 0 0
220 1 1
221 0 2
222 0 1
223 1 0
224 0 0
225 1 0
226 0 0
227 0 1
228 0 3
229 0 0
230 1 0
231 0 0
232 0 2
233 0 1
234 0 3
235 0 0
236 1 1
237 0 1
238 0 2
239 1 1
240 0 1
241 1 0
242 0 3
243 0 2
244 0 0
245 0 1
246 1 1
247 1 0
248 0 0
249 0 1
250 1 2
251 0 2
252 0 3
253 0 0
254 0 2
255 0 1
256 0 3
257 0 2
258 0 3
259 0 2
260 0 0
261 0 1
262 0 2
263 1 1
264 0 1
265 0 0
266 0 1
267 1 2
268 0 0
269 1 1
270 0 2
271 0 1
272 0 2
273 0 1
274 0 3
275 0 2
276 0 1
277 1 0
278 0 0
279 0 2
280 0 1
281 0 0
282 0 1
283 0 0
284 0 1
285 0 2
286 0 3
287 0 2
288 0 1
289 1 2
290 0 2
291 0 0
292 0 1
293 0 2
294 0 1
295 0 0
296 0 1
297 0 2
298 1 1
299 0 1
300 1 0
301 0 0
302 1 0
303 0 3
304 0 0
305 1 0
306 0 0
307 1 1
308 0 1
309 1 0
310 0 0
311 0 2
312 0 1
313 0 0
314 1 0
315 0 3
316 0 0
317 1 0
318 0 0
319 1 0
# colocadas=320 ocupadas=3 mayor=589
