0 0 0
1 0 1
2 0 2
3 0 3
4 0 4
5 0 5
6 0 4
7 0 6
8 0 7
9 1 0
10 1 3
11 0 3
12 1 1
13 1 4
14 0 4
15 1 0
16 1 2
17 1 5
18 1 7
19 0 7
20 2 0
21 1 0
22 1 6
23 2 4
24 2 7
25 1 7
26 2 6
27 1 6
28 0 6
29 2 2
30 1 2
31 1 4
32 2 7
33 2 1
34 0 4
35 1 7
36 1 1
37 3 7
38 0 5
39 2 1
40 1 1
41 0 4
42 1 4
43 1 2
44 1 1
45 2 7
46 3 7
47 2 1
48 0 4
49 1 3
50 1 6
51 2 0
52 0 3
53 2 2
54 2 3
55 1 0
56 2 7
57 1 2
58 0 0
59 0 1
60 0 0
61 3 7
62 0 6
63 0 7
64 1 0
65 1 3
66 2 2
67 2 5
68 2 7
69 1 2
70 2 1
71 1 1
72 1 5
73 1 2
74 1 1
75 2 0
76 1 4
77 2 4
78 2 1
79 1 4
80 2 0
81 1 7
82 2 7
83 1 5
84 1 7
85 1 6
86 3 6
87 2 1
88 2 6
89 3 6
90 3 0
91 2 0
92 2 3
93 2 6
94 3 4
95 2 4
96 1 0
97 1 1
98 1 2
99 3 5
100 2 5
101 1 1
102 3 4
103 1 6
104 2 2
105 2 4
106 2 6
107 2 3
108 2 4
109 2 1
110 3 1
111 3 0
112 3 2
113 2 0
114 2 2
115 2 5
116 2 4
117 3 3
118 3 4
119 3 7
120 4 0
121 4 3
122 2 7
123 3 0
124 3 3
125 3 5
126 3 4
127 3 6
128 4 1
129 3 1
130 4 2
131 4 4
132 4 1
133 5 1
134 4 1
135 4 3
136 5 3
137 4 3
138 4 4
139 4 5
140 5 4
141 4 4
142 3 4
143 3 5
144 4 6
145 5 2
146 5 0
147 5 1
148 3 6
149 4 7
150 5 0
151 5 7
152 4 7
153 5 7
154 5 3
155 5 5
156 4 5
157 3 5
158 4 7
159 5 4
160 5 6
161 6 5
162 5 5
163 6 6
164 5 6
165 6 5
166 6 3
167 4 6
168 4 7
169 5 3
170 6 7
171 5 5
172 5 7
173 6 0
174 6 1
175 6 2
176 6 4
177 7 1
178 7 3
179 6 1
180 6 3
181 7 0
182 7 1
183 6 1
184 7 2
185 6 7
186 7 6
187 7 7
188 6 5
189 7 4
190 7 5
191 6 6
192 6 5
193 7 4
194 5 5
195 7 6
196 7 5
197 6 5
198 5 5
199 7 3
200 5 6
201 7 4
202 7 2
203 7 3
204 6 6
205 4 6
206 4 7
207 5 6
208 7 4
209 4 6
210 5 6
211 5 7
212 7 5
213 5 5
214 4 5
215 4 7
216 5 4
217 6 7
218 5 3
219 7 4
220 4 3
221 5 7
222 4 6
223 4 7
224 6 4
225 4 6
226 7 4
227 3 6
228 4 4
229 5 4
230 5 3
231 3 7
232 4 7
233 6 7
234 6 6
235 3 7
236 3 6
237 5 5
238 4 5
239 3 5
240 3 7
241 6 5
242 4 5
243 4 4
244 4 3
245 5 2
246 5 3
247 5 2
248 5 6
249 5 1
250 5 0
251 5 5
252 6 4
253 6 6
254 6 3
255 6 4
256 5 1
257 5 6
258 6 1
259 6 5
260 6 3
261 6 2
262 6 6
263 6 5
264 6 3
265 7 4
266 7 3
267 6 2
268 7 2
269 6 1
270 7 1
271 6 1
272 6 0
273 5 1
274 6 6
275 7 5
276 6 5
277 7 6
278 5 0
279 5 1
280 7 0
281 6 0
282 6 6
283 6 7
284 7 0
285 6 4
286 5 2
287 5 7
288 6 0
289 5 3
290 5 4
291 4 3
292 4 7
293 6 3
294 4 6
295 7 0
296 5 3
297 4 7
298 6 0
299 4 3
300 7 0
301 3 3
302 5 5
303 3 4
304 7 3
305 6 5
306 7 5
307 2 3
308 1 3
309 2 4
310 7 4
311 1 4
312 2 2
313 2 4
314 2 3
315 2 2
316 3 4
317 6 4
318 3 3
319 3 4
# colocadas=320 ocupadas=62 mayor=90
