# TileUp N=5 K=15 M=150 semilla=2
5 15
150
14 1
2 2
6 3
12 5
5 4
10 1
10 3
7 7
13 9
6 9
15 8
9 5
15 1
14 1
6 8
15 6
15 7
7 9
3 9
3 4
4 1
3 6
3 3
9 9
6 9
11 9
3 8
13 7
12 9
15 6
13 6
6 8
3 7
12 8
11 9
4 8
5 8
9 9
14 6
11 8
15 8
6 9
12 8
8 4
6 3
15 5
13 8
5 5
13 9
9 9
9 7
5 4
8 9
6 2
13 6
12 1
15 4
12 2
1 1
5 4
11 2
13 9
3 5
4 4
15 1
7 1
1 6
6 3
4 1
2 2
2 1
1 1
6 5
3 3
12 3
9 1
7 1
13 4
3 1
1 6
10 2
5 6
8 1
5 8
9 1
15 5
13 7
14 3
8 4
2 6
14 2
1 8
13 3
9 7
8 9
6 3
14 6
5 5
10 7
11 1
12 9
3 1
5 1
3 3
3 2
8 4
9 1
4 4
12 8
2 5
2 4
10 6
5 7
5 9
13 1
3 1
7 7
3 2
9 2
4 2
2 1
3 4
2 4
1 9
11 8
8 5
9 7
4 4
12 7
7 9
1 1
15 7
15 9
10 3
15 2
11 8
6 1
9 2
10 6
5 6
5 1
14 7
2 2
5 4
14 1
13 8
1 7
11 8
8 4
15 2
