# TileUp N=5 K=15 M=150 semilla=3
5 15
150
4 9
3 6
15 8
11 2
10 1
15 8
5 9
4 4
12 8
9 9
8 7
11 3
4 3
14 9
7 1
11 2
3 1
5 1
14 5
8 7
12 7
7 8
15 3
15 6
2 1
3 8
4 5
11 7
13 5
7 9
14 7
10 6
9 7
10 4
15 6
11 1
14 5
10 3
12 6
9 2
12 4
11 5
5 2
2 8
14 8
2 6
13 2
7 3
1 5
7 7
14 2
1 1
7 6
9 5
9 4
1 5
1 2
2 9
1 4
7 5
10 5
3 1
14 6
6 6
3 7
7 8
14 9
7 9
2 9
5 7
11 4
15 5
7 5
9 5
9 6
1 7
10 6
1 7
10 3
1 6
8 6
11 6
10 5
12 8
1 1
11 1
6 5
11 8
5 6
3 6
3 6
13 6
14 5
5 7
2 1
10 3
5 9
4 5
4 6
3 7
11 2
2 6
6 4
8 3
2 6
12 4
15 8
5 4
13 2
1 9
4 6
13 3
14 5
6 2
13 6
10 3
7 5
9 5
8 6
11 7
5 7
10 7
1 7
3 4
1 8
14 9
7 9
15 4
1 8
14 9
5 9
6 4
14 2
14 5
2 4
1 1
15 9
15 4
15 7
10 1
1 8
12 2
3 9
5 4
11 1
9 9
7 1
15 2
6 3
5 9
