0 1 1
1 0 0
2 1 3
3 0 3
4 1 2
5 0 4
6 0 3
7 1 4
8 0 2
9 1 1
10 1 0
11 2 2
12 0 4
13 0 1
14 0 2
15 1 4
16 0 3
17 2 4
18 0 0
19 0 1
20 1 0
21 0 4
22 1 2
23 2 0
24 1 0
25 0 3
26 0 0
27 2 0
28 1 4
29 2 4
30 0 4
31 0 3
32 0 1
33 1 4
34 2 2
35 2 4
36 0 0
37 0 2
38 0 3
39 0 2
40 3 0
41 1 0
42 1 4
43 2 1
44 0 4
45 0 0
46 1 4
47 0 4
48 1 2
49 0 3
50 1 1
51 0 1
52 0 4
53 1 0
54 0 0
55 0 3
56 1 1
57 0 1
58 4 0
59 3 0
60 0 4
61 0 3
62 0 0
63 1 2
64 0 4
65 1 1
66 2 0
67 0 1
68 0 2
69 0 1
70 1 3
71 0 2
72 2 1
73 0 1
74 1 2
75 0 3
76 2 0
77 1 0
78 0 0
79 1 1
80 3 0
81 2 0
82 2 2
83 0 1
84 0 4
85 0 3
86 1 1
87 0 1
88 1 2
89 2 2
90 0 4
91 0 3
92 0 4
93 1 2
94 0 2
95 1 4
96 0 1
97 1 0
98 2 2
99 2 0
# colocadas=100 ocupadas=5 mayor=123
