0 1 1
1 0 1
2 0 3
3 1 0
4 1 2
5 2 2
6 1 4
7 1 2
8 2 2
9 1 2
10 0 0
11 2 0
12 2 1
13 2 4
14 0 4
15 0 3
16 0 4
17 0 3
18 0 4
19 0 2
20 1 1
21 0 3
22 2 3
23 0 2
24 0 3
25 1 2
26 1 4
27 3 3
28 2 4
29 1 1
30 0 2
31 2 1
32 3 2
33 0 3
34 3 3
35 1 4
36 2 4
37 3 2
38 1 1
39 0 2
40 0 3
41 1 2
42 3 1
43 1 1
44 1 2
45 1 4
46 0 1
47 2 2
48 0 0
49 2 4
50 1 4
51 0 1
52 0 0
53 1 2
54 2 4
55 0 1
56 0 0
57 0 1
58 0 0
59 1 1
60 1 4
61 0 2
62 3 0
63 0 4
64 1 0
65 2 1
66 2 2
67 3 1
68 2 3
69 0 1
70 1 3
71 0 2
72 2 1
73 0 0
74 1 0
75 2 2
76 0 1
77 2 1
78 1 2
79 1 3
80 1 2
81 0 0
82 0 3
83 1 3
84 0 4
85 0 3
86 2 0
87 1 1
88 0 2
89 3 0
90 1 4
91 2 1
92 1 1
93 0 4
94 1 4
95 1 0
96 0 0
97 2 0
98 0 1
99 0 0
# colocadas=100 ocupadas=5 mayor=138
