0 0 0
1 0 1
2 0 0
3 1 0
4 1 1
5 0 0
6 1 0
7 1 1
8 2 0
9 0 1
10 2 1
11 1 1
12 0 2
13 2 1
14 3 0
15 0 1
16 0 0
17 3 1
18 1 2
19 3 2
20 0 1
21 1 1
22 0 2
23 0 3
24 2 2
25 2 3
26 2 2
27 3 1
28 3 2
29 0 1
30 0 2
31 1 2
32 3 1
33 1 3
34 0 2
35 1 2
36 2 1
37 0 1
38 2 2
39 1 1
40 2 1
41 1 2
42 3 2
43 2 2
44 3 1
45 2 1
46 1 1
47 1 2
48 1 1
49 1 2
50 2 3
51 1 1
52 0 3
53 0 0
54 0 1
55 2 2
56 2 3
57 1 3
58 0 2
59 0 0
60 1 2
61 2 3
62 2 1
63 3 1
64 0 1
65 2 1
66 1 1
67 2 2
68 2 1
69 3 3
70 0 1
71 2 3
72 3 2
73 1 1
74 0 2
75 0 1
76 0 2
77 1 2
78 0 2
79 0 1
80 2 1
81 2 2
82 1 1
83 1 3
84 1 2
85 1 3
86 3 1
87 1 2
88 2 1
89 2 2
90 3 2
91 2 3
92 1 1
93 3 1
94 1 3
95 1 2
96 1 1
97 3 2
98 1 2
99 2 1
# colocadas=100 ocupadas=5 mayor=108
