0 1 1
1 0 0
2 0 2
3 0 4
4 2 1
5 1 3
6 1 5
7 2 4
8 0 5
9 1 1
10 3 4
11 2 3
12 0 3
13 0 2
14 2 0
15 0 3
16 0 2
17 1 4
18 0 3
19 2 2
20 1 5
21 1 4
22 0 2
23 3 3
24 3 0
25 0 4
26 1 3
27 3 4
28 2 4
29 2 0
30 0 1
31 2 5
32 0 5
33 3 2
34 3 0
35 0 3
36 1 3
37 2 0
38 1 2
39 0 4
40 1 0
41 0 0
42 2 1
43 0 2
44 0 1
45 1 2
46 2 3
47 0 2
48 2 0
49 0 1
50 0 2
51 0 5
52 1 0
53 0 1
54 0 0
55 2 4
56 0 1
57 3 0
58 1 3
59 0 2
60 3 5
61 0 1
62 3 3
63 4 5
64 4 0
65 3 0
66 3 5
67 3 2
68 0 3
69 1 3
70 0 4
71 0 2
72 0 0
73 0 5
74 1 0
75 0 0
76 4 5
77 0 1
78 1 1
79 2 0
80 3 0
81 0 3
82 2 2
83 0 2
84 0 1
85 3 2
86 2 0
87 3 0
88 2 0
89 0 2
90 1 2
91 1 1
92 3 5
93 1 5
94 2 2
95 1 0
96 3 2
97 1 2
98 3 1
99 0 1
100 4 5
101 2 2
102 3 0
103 0 5
104 1 5
105 4 1
106 2 0
107 0 0
108 3 5
109 3 1
110 4 5
111 1 0
112 0 5
113 1 3
114 2 0
115 3 5
116 1 0
117 3 0
118 0 2
119 3 1
120 0 4
121 1 1
122 0 3
123 1 0
124 2 3
125 2 2
126 0 5
127 4 5
128 1 3
129 3 5
130 4 5
131 3 5
132 3 0
133 2 5
134 0 4
135 3 1
136 0 1
137 1 4
138 1 5
139 0 0
140 2 3
141 0 3
142 1 1
143 3 4
144 0 4
145 2 5
146 3 0
147 1 3
148 2 1
149 0 5
150 0 1
151 2 0
152 0 3
153 4 4
154 2 2
155 1 1
156 2 3
157 1 5
158 0 5
159 3 4
160 0 2
161 2 1
162 2 2
163 2 0
164 0 3
165 4 4
166 0 1
167 3 0
168 2 0
169 0 0
170 3 2
171 3 1
172 1 2
173 1 0
174 0 4
175 1 5
176 2 1
177 0 2
178 3 4
179 0 1
180 0 3
181 0 5
182 3 5
183 0 0
184 1 4
185 1 5
186 3 3
187 4 5
188 3 5
189 1 3
190 0 5
191 2 5
192 0 2
193 1 1
194 2 0
195 2 4
196 2 5
197 0 4
198 0 5
199 0 4
# colocadas=200 ocupadas=8 mayor=165
