0 0 0
1 0 2
2 1 1
3 2 1
4 0 4
5 1 1
6 1 3
7 2 2
8 0 1
9 1 5
10 3 2
11 2 2
12 3 2
13 0 3
14 2 2
15 0 4
16 1 0
17 0 3
18 0 4
19 2 0
20 3 2
21 2 5
22 0 2
23 1 1
24 2 3
25 0 5
26 0 3
27 1 3
28 3 0
29 1 4
30 0 1
31 1 0
32 4 0
33 3 5
34 2 4
35 3 0
36 4 0
37 1 3
38 0 2
39 0 4
40 0 5
41 0 4
42 0 0
43 3 0
44 2 2
45 0 1
46 0 5
47 2 1
48 1 0
49 0 4
50 2 3
51 0 0
52 1 0
53 0 0
54 2 0
55 0 2
56 0 1
57 1 2
58 2 5
59 2 1
60 2 0
61 0 3
62 1 5
63 1 0
64 0 5
65 0 0
66 0 1
67 2 2
68 0 0
69 3 1
70 1 0
71 2 4
72 1 4
73 1 2
74 2 2
75 1 3
76 2 0
77 1 0
78 0 2
79 0 1
80 2 4
81 0 3
82 3 0
83 2 0
84 1 0
85 2 1
86 0 0
87 1 1
88 1 5
89 3 2
90 0 1
91 2 2
92 1 2
93 1 3
94 3 1
95 1 2
96 0 4
97 0 5
98 2 5
99 3 0
100 2 4
101 3 1
102 2 0
103 2 3
104 0 0
105 1 0
106 2 0
107 0 3
108 1 5
109 1 0
110 2 1
111 0 4
112 0 2
113 0 1
114 0 0
115 0 3
116 1 1
117 3 3
118 1 2
119 0 5
120 1 3
121 1 0
122 0 4
123 0 1
124 0 5
125 0 0
126 0 2
127 2 5
128 1 4
129 2 3
130 3 3
131 0 4
132 2 3
133 1 1
134 1 0
135 0 5
136 0 4
137 1 3
138 1 5
139 0 5
140 0 1
141 0 0
142 2 5
143 3 3
144 3 2
145 0 1
146 0 3
147 2 0
148 3 0
149 0 2
150 2 4
151 1 4
152 1 5
153 1 1
154 2 2
155 1 0
156 2 1
157 0 4
158 0 5
159 0 3
160 2 2
161 1 1
162 0 2
163 1 3
164 2 0
165 1 0
166 3 2
167 0 1
168 2 5
169 0 4
170 0 5
171 2 4
172 2 5
173 3 0
174 2 2
175 2 1
176 0 0
177 0 2
178 1 0
179 0 0
180 0 1
181 2 4
182 3 2
183 0 4
184 4 0
185 0 5
186 3 3
187 1 0
188 0 4
189 2 5
190 1 2
191 2 3
192 3 1
193 2 1
194 0 2
195 0 0
196 2 0
197 1 2
198 4 1
199 1 0
# colocadas=200 ocupadas=8 mayor=166
