0 0 0
1 0 2
2 1 1
3 0 4
4 1 3
5 1 0
6 2 1
7 2 2
8 0 1
9 0 2
10 1 5
11 2 4
12 0 5
13 0 4
14 2 1
15 2 5
16 2 2
17 3 0
18 0 5
19 2 1
20 0 3
21 1 3
22 3 5
23 4 5
24 4 0
25 0 3
26 3 0
27 1 4
28 1 3
29 2 4
30 2 2
31 2 5
32 2 4
33 0 1
34 0 3
35 3 5
36 1 5
37 4 5
38 0 4
39 0 0
40 0 3
41 3 4
42 0 5
43 5 5
44 1 3
45 0 4
46 2 0
47 0 2
48 4 5
49 5 5
50 2 4
51 0 3
52 0 1
53 4 5
54 1 3
55 1 0
56 3 5
57 0 5
58 0 3
59 2 0
60 1 0
61 1 2
62 1 5
63 0 5
64 1 3
65 1 2
66 0 4
67 0 3
68 2 0
69 1 1
70 1 4
71 0 2
72 0 0
73 3 1
74 0 3
75 2 4
76 3 0
77 4 1
78 0 2
79 2 0
80 3 2
81 4 0
82 0 4
83 4 1
84 0 3
85 3 0
86 2 0
87 4 5
88 1 2
89 2 1
90 0 2
91 3 5
92 4 5
93 1 0
94 3 3
95 3 5
96 0 0
97 3 2
98 1 2
99 2 0
100 2 3
101 2 4
102 0 5
103 0 1
104 1 5
105 3 3
106 0 4
107 1 3
108 0 5
109 4 5
110 2 5
111 0 3
112 3 2
113 1 0
114 4 0
115 2 4
116 3 0
117 0 2
118 2 2
119 0 4
120 3 1
121 3 5
122 2 1
123 0 5
124 0 3
125 1 4
126 2 4
127 1 5
128 2 2
129 0 4
130 3 4
131 4 5
132 0 3
133 1 3
134 2 0
135 2 4
136 0 5
137 2 5
138 1 5
139 1 2
140 4 4
141 3 4
142 1 0
143 2 0
144 3 3
145 0 5
146 0 0
147 0 3
148 2 3
149 3 3
150 1 5
151 1 0
152 0 2
153 1 3
154 3 4
155 1 1
156 2 4
157 2 3
158 3 0
159 0 5
160 2 5
161 4 4
162 1 5
163 3 5
164 2 5
165 0 3
166 3 5
167 2 0
168 3 4
169 2 5
170 1 2
171 3 5
172 0 5
173 3 3
174 0 2
175 5 4
176 4 4
177 5 4
178 1 0
179 0 4
180 2 3
181 4 4
182 0 5
183 3 3
184 2 3
185 0 4
186 0 0
187 1 1
188 0 3
189 0 2
190 1 2
191 0 2
192 4 3
193 0 5
194 1 0
195 1 3
196 3 3
197 0 0
198 2 4
199 4 5
# colocadas=200 ocupadas=8 mayor=169
