0 1 1
1 1 3
2 2 2
3 3 2
4 0 2
5 2 0
6 2 4
7 4 1
8 4 3
9 2 3
10 1 3
11 0 0
12 3 4
13 2 4
14 3 4
15 0 4
16 4 0
17 3 1
18 1 2
19 4 2
20 3 2
21 2 2
22 0 2
23 2 4
24 4 1
25 0 1
26 1 0
27 3 0
28 1 1
29 0 1
30 2 1
31 2 3
32 1 4
33 1 2
34 3 1
35 4 1
36 4 2
37 3 2
38 4 3
39 0 0
40 4 0
41 0 3
42 3 0
43 1 1
44 4 4
45 4 3
46 3 1
47 2 4
48 1 3
49 2 0
50 2 3
51 0 3
52 0 1
53 2 2
54 1 1
55 0 2
56 4 1
57 2 3
58 1 3
59 3 1
60 0 4
61 1 0
62 3 2
63 3 3
64 1 1
65 1 4
66 2 2
67 3 2
68 1 2
69 3 1
70 3 2
71 1 1
72 4 0
73 0 3
74 3 3
75 0 1
76 1 1
77 1 3
78 0 3
79 4 2
80 1 2
81 4 1
82 0 4
83 2 3
84 2 2
85 3 4
86 1 2
87 2 1
88 0 2
89 3 2
90 3 3
91 4 0
92 4 1
93 2 0
94 4 0
95 4 4
96 0 3
97 3 0
98 4 0
99 2 2
100 0 1
101 2 3
102 3 0
103 3 2
104 4 2
105 3 4
106 1 0
107 3 3
108 4 1
109 1 1
110 3 1
111 3 4
112 4 2
113 2 2
114 1 0
115 3 0
116 0 0
117 4 0
118 3 3
119 3 0
120 3 2
121 0 1
122 0 4
123 1 1
124 3 1
125 3 2
126 1 3
127 2 2
128 1 4
129 0 4
130 4 2
131 0 2
132 1 4
133 4 1
134 4 3
135 1 0
136 4 2
137 2 3
138 1 3
139 4 4
140 2 4
141 1 2
142 0 2
143 1 1
144 4 3
145 4 4
146 2 3
147 3 2
148 2 1
149 1 0
# colocadas=150 ocupadas=20 mayor=66
