0 0 0
1 0 4
2 1 1
3 4 0
4 4 4
5 1 2
6 2 0
7 0 1
8 2 4
9 4 2
10 3 1
11 3 0
12 0 0
13 3 3
14 0 1
15 4 0
16 0 3
17 1 0
18 4 3
19 2 1
20 1 4
21 0 2
22 2 2
23 2 3
24 3 4
25 0 4
26 0 1
27 3 0
28 4 0
29 1 2
30 3 3
31 4 3
32 4 1
33 4 4
34 2 2
35 2 0
36 2 3
37 4 3
38 2 4
39 4 2
40 1 4
41 3 0
42 0 0
43 4 4
44 2 4
45 3 4
46 4 1
47 0 2
48 1 3
49 0 3
50 2 3
51 1 2
52 0 2
53 3 2
54 4 2
55 1 1
56 1 0
57 4 4
58 2 0
59 1 2
60 3 3
61 0 3
62 2 4
63 4 0
64 0 4
65 0 2
66 2 3
67 0 3
68 3 4
69 1 0
70 3 1
71 1 2
72 0 2
73 4 3
74 4 4
75 3 0
76 4 3
77 2 0
78 4 2
79 3 0
80 2 2
81 2 1
82 4 3
83 2 4
84 3 1
85 2 0
86 3 0
87 2 1
88 0 0
89 0 3
90 0 4
91 4 0
92 1 3
93 1 0
94 3 3
95 4 2
96 0 0
97 1 1
98 1 0
99 0 3
100 1 1
101 4 3
102 2 0
103 3 2
104 3 3
105 1 4
106 2 2
107 0 1
108 3 0
109 4 1
110 0 0
111 4 0
112 2 3
113 1 0
114 3 0
115 4 3
116 1 2
117 3 4
118 3 1
119 2 1
120 0 2
121 4 4
122 4 2
123 0 4
124 4 1
125 2 4
126 1 3
127 3 2
128 4 0
129 2 3
130 0 1
131 2 0
132 2 4
133 2 3
134 4 3
135 4 1
136 2 2
137 1 2
138 0 2
139 3 2
140 4 0
141 2 4
142 0 3
143 1 1
144 2 2
145 3 3
146 1 4
147 0 1
148 1 0
149 1 2
# colocadas=150 ocupadas=16 mayor=86
