0 1 1
1 1 3
2 2 2
3 3 1
4 3 3
5 0 2
6 0 1
7 2 0
8 2 4
9 3 2
10 2 3
11 0 2
12 2 2
13 1 0
14 4 2
15 1 2
16 2 2
17 2 1
18 1 1
19 1 2
20 3 0
21 1 1
22 1 2
23 0 3
24 4 3
25 4 2
26 1 1
27 1 4
28 4 1
29 2 3
30 2 4
31 4 4
32 1 2
33 3 1
34 4 1
35 2 0
36 3 2
37 0 4
38 1 1
39 4 2
40 3 3
41 3 4
42 3 0
43 4 1
44 4 4
45 4 3
46 2 3
47 3 1
48 3 3
49 0 3
50 0 4
51 3 2
52 3 1
53 3 4
54 2 3
55 4 0
56 4 4
57 3 0
58 0 3
59 3 3
60 3 2
61 2 4
62 2 2
63 1 0
64 4 3
65 2 0
66 0 2
67 4 4
68 0 0
69 1 4
70 1 3
71 1 2
72 3 4
73 2 1
74 4 0
75 0 3
76 1 0
77 1 4
78 2 0
79 2 2
80 0 2
81 2 3
82 4 1
83 3 3
84 2 3
85 4 4
86 2 4
87 0 1
88 3 1
89 1 2
90 1 1
91 2 1
92 1 4
93 1 3
94 4 1
95 2 4
96 0 1
97 2 3
98 0 3
99 3 1
100 3 2
101 3 0
102 3 3
103 2 0
104 3 0
105 4 2
106 2 3
107 2 0
108 4 1
109 1 1
110 1 2
111 0 2
112 3 4
113 3 3
114 0 4
115 4 0
116 1 1
117 3 0
118 1 3
119 1 0
120 2 2
121 4 0
122 1 2
123 2 2
124 2 1
125 4 3
126 0 3
127 2 0
128 3 1
129 1 0
130 2 3
131 3 4
132 4 4
133 3 2
134 3 4
135 1 1
136 1 4
137 1 3
138 4 2
139 3 2
140 3 3
141 0 0
142 2 2
143 3 2
144 0 1
145 0 3
146 2 4
147 1 2
148 3 3
149 4 4
# colocadas=150 ocupadas=16 mayor=77
