0 1 1
1 0 1
2 0 3
3 0 5
4 1 2
5 2 2
6 1 4
7 0 7
8 0 6
9 1 5
10 0 5
11 0 0
12 1 4
13 2 4
14 1 2
15 1 1
16 0 2
17 1 0
18 0 4
19 0 3
20 0 1
21 0 0
22 0 2
23 2 3
24 0 5
25 0 4
26 1 2
27 0 6
28 0 7
29 0 2
30 0 5
31 0 1
32 0 4
33 1 3
34 0 0
35 0 6
36 2 3
37 1 4
38 0 1
39 2 2
40 0 4
41 0 0
42 0 1
43 1 4
44 2 1
45 0 4
46 1 4
47 0 3
48 2 0
49 1 5
50 0 7
51 0 0
52 0 5
53 0 2
54 1 1
55 3 0
56 0 4
57 1 2
58 2 0
59 3 0
60 2 0
61 0 3
62 2 2
63 0 6
64 0 1
65 1 0
66 1 2
67 2 1
68 0 4
69 0 3
70 2 0
71 0 4
72 0 0
73 0 3
74 0 1
75 1 0
76 3 1
77 2 1
78 2 0
79 0 0
80 3 0
81 0 4
82 0 3
83 0 4
84 0 7
85 0 6
86 0 2
87 1 4
88 0 3
89 0 2
90 4 0
91 1 0
92 0 1
93 0 5
94 2 2
95 1 2
96 2 0
97 2 4
98 1 4
99 2 2
100 1 2
101 4 1
102 2 2
103 0 6
104 0 0
105 1 2
106 0 1
107 2 2
108 1 2
109 0 5
110 3 1
111 1 0
112 0 0
113 0 6
114 2 1
115 0 2
116 2 2
117 1 1
118 0 3
119 1 5
120 0 1
121 1 1
122 1 4
123 1 5
124 0 7
125 0 2
126 0 5
127 1 7
128 2 3
129 1 3
130 1 4
131 2 1
132 0 3
133 0 2
134 0 6
135 1 0
136 0 0
137 1 1
138 0 4
139 1 0
140 1 4
141 0 5
142 0 3
143 0 1
144 0 7
145 2 0
146 0 2
147 0 3
148 0 6
149 1 5
150 0 5
151 1 4
152 2 4
153 1 4
154 2 4
155 1 0
156 0 0
157 0 1
158 1 7
159 0 0
160 0 2
161 1 1
162 2 1
163 0 3
164 0 7
165 1 1
166 1 4
167 1 7
168 2 4
169 0 1
170 1 3
171 0 0
172 0 3
173 0 1
174 0 7
175 1 5
176 1 0
177 0 6
178 2 3
179 0 0
180 2 2
181 0 7
182 0 1
183 0 6
184 1 2
185 0 4
186 2 5
187 1 5
188 0 7
189 1 6
190 1 5
191 0 6
192 0 0
193 0 2
194 0 7
195 1 6
196 0 1
197 0 6
198 1 4
199 0 3
200 0 5
201 2 0
202 0 2
203 1 0
204 0 6
205 0 3
206 2 4
207 0 4
208 0 2
209 0 5
210 1 4
211 1 3
212 0 1
213 0 2
214 0 7
215 0 4
216 0 1
217 1 2
218 0 0
219 2 0
220 1 5
221 0 2
222 0 3
223 0 4
224 2 1
225 1 6
226 0 5
227 2 6
228 1 0
229 0 0
230 1 1
231 0 4
232 0 5
233 1 7
234 0 3
235 2 5
236 2 4
237 0 7
238 0 1
239 0 0
240 1 5
241 1 2
242 0 6
243 2 3
244 1 1
245 0 1
246 0 0
247 0 2
248 0 3
249 2 2
250 2 3
251 0 2
252 1 4
253 2 1
254 0 4
255 1 4
256 0 5
257 0 6
258 3 3
259 1 1
260 2 1
261 1 1
262 2 1
263 1 1
264 2 1
265 1 0
266 0 4
267 2 3
268 0 0
269 0 7
270 0 6
271 1 0
272 1 3
273 0 5
274 2 2
275 1 4
276 0 4
277 2 1
278 0 3
279 0 1
280 1 5
281 1 4
282 0 5
283 0 0
284 2 4
285 1 1
286 1 2
287 0 2
288 1 4
289 2 0
290 0 1
291 1 0
292 2 4
293 0 3
294 1 4
295 2 4
296 2 0
297 0 6
298 1 4
299 0 5
300 1 0
301 0 0
302 0 2
303 2 0
304 1 1
305 1 3
306 3 0
307 0 3
308 0 2
309 2 1
310 1 1
311 2 1
312 0 3
313 4 0
314 0 2
315 0 3
316 0 1
317 2 0
318 0 0
319 4 1
320 0 2
321 0 1
322 0 3
323 0 6
324 3 1
325 1 0
326 0 0
327 0 2
328 1 1
329 3 2
330 0 1
331 3 0
332 2 2
333 2 0
334 1 0
335 3 0
336 3 1
337 0 5
338 2 3
339 0 3
340 2 0
341 3 2
342 2 4
343 0 0
344 2 1
345 0 6
346 0 2
347 0 5
348 3 3
349 3 2
350 1 4
351 1 3
352 1 4
353 0 3
354 2 4
355 1 4
356 0 2
357 1 1
358 2 1
359 0 3
360 3 3
361 0 2
362 1 0
363 0 6
364 0 5
365 2 2
366 1 3
367 1 4
368 3 4
369 0 6
370 0 5
371 0 6
372 0 5
373 3 3
374 0 6
375 0 4
376 2 1
377 2 2
378 0 7
379 0 5
380 1 7
381 0 7
382 0 4
383 0 1
384 3 4
385 2 0
386 0 6
387 1 0
388 0 7
389 0 6
390 1 2
391 2 0
392 0 0
393 0 7
394 2 4
395 0 6
396 2 1
397 0 7
398 2 0
399 0 1
# colocadas=400 ocupadas=6 mayor=389
