0 0 0
1 0 1
2 0 0
3 1 1
4 0 2
5 1 0
6 2 0
7 2 1
8 2 0
9 1 0
10 2 2
11 2 1
12 3 1
13 2 1
14 1 2
15 2 2
16 1 2
17 0 3
18 2 2
19 1 3
20 0 4
21 1 4
22 1 2
23 1 3
24 1 5
25 1 6
26 1 5
27 1 2
28 1 4
29 1 1
30 1 2
31 2 1
32 1 1
33 0 2
34 1 3
35 0 1
36 2 1
37 1 1
38 1 2
39 0 1
40 2 2
41 3 1
42 2 1
43 1 2
44 2 3
45 1 1
46 1 3
47 0 0
48 2 2
49 1 2
50 0 1
51 1 4
52 1 0
53 1 3
54 1 5
55 1 4
56 1 2
57 1 1
58 2 0
59 1 5
60 1 4
61 1 5
62 2 1
63 3 1
64 1 4
65 1 5
66 2 1
67 1 1
68 1 4
69 1 5
70 2 1
71 0 1
72 1 1
73 0 1
74 1 1
75 3 1
76 1 4
77 2 1
78 1 1
79 1 3
80 2 2
81 1 2
82 4 1
83 1 1
84 1 2
85 2 3
86 2 4
87 2 3
88 1 4
89 1 3
90 1 4
91 2 2
92 2 1
93 1 1
94 2 2
95 1 2
96 2 1
97 1 3
98 1 5
99 1 6
100 3 1
101 3 2
102 2 2
103 1 1
104 1 2
105 1 4
106 2 1
107 1 5
108 1 1
109 1 3
110 1 2
111 1 1
112 1 4
113 1 6
114 2 1
115 1 1
116 2 2
117 1 2
118 1 3
119 2 1
120 1 1
121 1 2
122 2 2
123 3 1
124 2 1
125 3 2
126 3 1
127 3 2
128 1 2
129 2 2
130 3 1
131 1 1
132 1 5
133 1 4
134 1 3
135 2 1
136 3 1
137 2 1
138 3 1
139 1 2
140 1 1
141 1 2
142 2 3
143 1 3
144 1 1
145 2 1
146 1 2
147 1 4
148 0 1
149 1 1
150 3 1
151 1 5
152 1 4
153 2 1
154 1 1
155 1 3
156 2 1
157 0 1
158 1 1
159 2 2
160 3 2
161 0 2
162 2 2
163 1 2
164 2 2
165 1 2
166 2 1
167 1 0
168 1 1
169 0 1
170 1 1
171 0 0
172 2 0
173 1 2
174 2 1
175 1 3
176 1 2
177 1 3
178 3 0
179 3 1
180 1 2
181 1 3
182 3 2
183 1 2
184 2 2
185 3 1
186 4 1
187 1 1
188 1 2
189 1 1
190 1 2
191 1 1
192 2 3
193 3 1
194 3 2
195 2 2
196 2 3
197 3 1
198 0 1
199 0 2
200 1 2
201 2 1
202 2 2
203 1 2
204 1 1
205 2 1
206 3 2
207 2 2
208 1 3
209 3 3
210 3 1
211 4 1
212 1 4
213 1 3
214 2 3
215 3 1
216 1 3
217 2 3
218 2 1
219 2 4
220 2 3
221 1 4
222 1 5
223 1 4
224 1 3
225 1 4
226 1 5
227 1 4
228 1 6
229 1 7
230 2 2
231 1 6
232 1 7
233 1 3
234 1 6
235 1 2
236 2 3
237 1 5
238 1 7
239 1 6
240 1 8
241 1 3
242 2 2
243 1 7
244 1 4
245 2 8
246 1 3
247 1 4
248 1 8
249 2 8
250 1 6
251 1 5
252 1 7
253 1 2
254 1 6
255 1 5
256 1 1
257 1 6
258 1 2
259 1 1
260 1 2
261 1 1
262 1 8
263 1 4
264 1 5
265 1 7
266 1 8
267 1 7
268 1 3
269 1 2
270 2 1
271 3 1
272 1 6
273 2 1
274 1 1
275 1 5
276 1 8
277 2 1
278 1 1
279 1 2
280 1 1
281 1 3
282 2 3
283 1 7
284 1 8
285 1 3
286 1 2
287 2 1
288 1 1
289 2 1
290 1 7
291 1 1
292 1 2
293 1 1
294 1 4
295 1 3
296 1 5
297 1 4
298 2 3
299 1 5
300 1 6
301 1 5
302 1 8
303 1 7
304 1 6
305 1 2
306 1 1
307 1 7
308 1 4
309 1 2
310 1 1
311 1 2
312 1 3
313 1 2
314 1 3
315 2 4
316 2 2
317 2 3
318 1 6
319 1 2
320 1 4
321 1 3
322 2 4
323 1 5
324 1 4
325 2 5
326 0 5
327 1 5
328 1 4
329 2 6
330 3 5
331 2 5
332 1 6
333 1 7
334 1 6
335 0 4
336 1 4
337 0 4
338 1 4
339 1 5
340 2 4
341 2 3
342 2 6
343 2 4
344 2 5
345 1 3
346 1 6
347 1 4
348 0 5
349 1 5
350 2 6
351 1 7
352 2 7
353 2 6
354 2 7
355 1 7
356 2 7
357 2 6
358 1 6
359 0 4
360 2 5
361 1 4
362 0 3
363 2 4
364 1 3
365 0 2
366 1 4
367 2 3
368 1 5
369 1 3
370 2 2
371 1 4
372 1 2
373 1 1
374 1 2
375 1 3
376 1 2
377 2 3
378 2 4
379 2 3
380 1 3
381 2 5
382 1 5
383 2 2
384 2 1
385 1 6
386 2 2
387 2 4
388 1 5
389 2 5
390 2 4
391 2 3
392 1 4
393 1 6
394 2 2
395 1 2
396 1 1
397 1 7
398 1 2
399 2 1
400 1 1
401 1 6
402 2 2
403 1 2
404 1 5
405 2 1
406 1 7
407 1 6
408 1 7
409 1 6
410 1 8
411 1 7
412 1 6
413 1 1
414 2 8
415 2 2
416 1 2
417 2 1
418 3 1
419 1 8
420 1 5
421 2 1
422 1 4
423 1 1
424 2 2
425 1 2
426 1 5
427 1 7
428 1 6
429 1 5
430 1 6
431 1 1
432 1 4
433 1 7
434 1 2
435 2 1
436 1 1
437 1 2
438 3 1
439 1 6
440 1 7
441 2 1
442 1 1
443 1 6
444 1 3
445 2 1
446 1 5
447 1 1
448 2 4
449 1 2
450 1 1
451 1 4
452 2 5
453 2 3
454 2 4
455 1 2
456 1 3
457 1 5
458 2 2
459 1 4
460 1 6
461 1 2
462 1 1
463 2 3
464 2 2
465 1 2
466 1 5
467 1 6
468 1 5
469 2 1
470 1 3
471 1 1
472 1 4
473 1 3
474 1 6
475 1 5
476 2 2
477 2 1
478 1 1
479 1 2
480 2 2
481 1 4
482 1 2
483 2 1
484 1 1
485 3 1
486 1 3
487 2 1
488 3 2
489 1 1
490 1 2
491 2 3
492 2 2
493 1 2
494 1 4
495 1 3
496 2 4
497 1 5
498 2 3
499 2 2
500 1 2
501 2 2
502 1 2
503 3 1
504 1 1
505 3 2
506 1 4
507 1 3
508 1 4
509 2 1
510 2 2
511 3 1
512 1 3
513 1 2
514 2 3
515 2 1
516 2 2
517 3 2
518 1 1
519 2 1
520 0 1
521 1 1
522 0 1
523 1 1
524 2 2
525 0 2
526 1 2
527 3 1
528 2 1
529 0 1
530 2 3
531 1 1
532 2 2
533 1 3
534 1 2
535 0 1
536 1 1
537 0 2
538 2 1
539 1 1
540 2 1
541 1 1
542 3 1
543 2 1
544 3 2
545 2 2
546 1 2
547 0 1
548 1 1
549 0 1
550 0 2
551 3 1
552 2 1
553 1 1
554 2 1
555 1 1
556 2 1
557 3 2
558 3 3
559 2 3
560 0 1
561 1 1
562 0 1
563 2 2
564 1 1
565 1 3
566 1 2
567 1 1
568 2 3
569 2 2
570 1 2
571 2 4
572 2 1
573 3 1
574 2 1
575 1 1
576 2 1
577 3 2
578 1 1
579 1 4
580 1 3
581 2 2
582 2 1
583 1 1
584 2 1
585 2 2
586 1 2
587 2 3
588 3 3
589 1 4
590 2 4
591 2 3
592 1 3
593 2 3
594 2 4
595 1 4
596 0 3
597 1 3
598 0 2
599 0 4
600 1 2
601 1 3
602 2 3
603 1 3
604 0 3
605 0 2
606 1 1
607 1 2
608 2 3
609 1 3
610 2 2
611 1 2
612 2 3
613 1 4
614 2 4
615 1 4
616 1 3
617 2 2
618 2 3
619 1 1
620 1 2
621 2 1
622 1 1
623 3 1
624 2 1
625 1 2
626 1 4
627 2 2
628 1 3
629 1 1
630 2 3
631 1 3
632 1 2
633 1 5
634 2 3
635 1 3
636 2 1
637 1 1
638 2 2
639 2 1
640 1 1
641 1 4
642 1 5
643 2 3
644 1 2
645 1 3
646 2 2
647 1 2
648 1 3
649 2 1
650 2 2
651 2 1
652 1 1
653 1 6
654 1 2
655 1 5
656 2 1
657 1 1
658 1 2
659 0 1
660 1 1
661 1 3
662 1 2
663 1 4
664 1 6
665 1 3
666 1 1
667 1 4
668 2 2
669 1 5
670 1 3
671 2 1
672 2 2
673 1 2
674 2 1
675 1 1
676 2 2
677 1 2
678 2 1
679 2 3
680 2 2
681 1 3
682 2 4
683 1 4
684 1 2
685 2 1
686 1 6
687 1 1
688 1 2
689 1 5
690 1 6
691 3 1
692 2 1
693 1 3
694 1 1
695 2 1
696 1 1
697 1 2
698 2 2
699 3 1
700 2 1
701 1 1
702 2 1
703 4 1
704 1 5
705 3 1
706 2 1
707 3 1
708 3 2
709 1 1
710 1 2
711 2 1
712 2 2
713 1 2
714 2 2
715 2 3
716 1 1
717 1 4
718 2 2
719 1 2
720 1 3
721 2 4
722 2 3
723 2 4
724 1 2
725 2 1
726 3 3
727 2 3
728 3 2
729 2 2
730 1 3
731 1 1
732 1 2
733 3 1
734 2 1
735 0 1
736 1 1
737 3 1
738 1 2
739 2 3
740 1 3
741 1 1
742 0 2
743 2 1
744 3 2
745 1 2
746 2 2
747 1 1
748 0 2
749 1 2
750 2 1
751 2 2
752 2 1
753 1 1
754 3 1
755 1 2
756 1 4
757 2 1
758 1 3
759 1 1
760 2 2
761 2 1
762 1 2
763 3 1
764 2 1
765 1 1
766 2 1
767 1 4
768 1 5
769 3 2
770 3 1
771 1 1
772 3 2
773 2 2
774 2 3
775 1 3
776 2 2
777 1 4
778 1 2
779 1 5
780 2 1
781 2 3
782 2 2
783 1 1
784 2 1
785 2 2
786 1 2
787 3 1
788 2 1
789 3 1
790 2 1
791 1 1
792 2 1
793 1 1
794 3 2
795 1 4
796 1 5
797 1 4
798 1 3
799 1 4
800 2 1
801 2 2
802 3 3
803 2 3
804 1 2
805 1 3
806 2 2
807 1 1
808 2 1
809 1 5
810 1 1
811 1 4
812 1 5
813 1 4
814 1 2
815 1 3
816 2 1
817 2 2
818 2 1
819 1 1
820 1 2
821 1 1
822 2 3
823 1 2
824 1 3
825 1 2
826 1 3
827 2 3
828 1 3
829 2 2
830 1 2
831 2 1
832 2 2
833 1 2
834 1 3
835 2 3
836 1 1
837 3 2
838 2 2
839 3 1
840 2 1
841 3 1
842 2 1
843 1 2
844 2 2
845 2 1
846 3 1
847 2 3
848 2 2
849 1 3
850 2 4
851 2 3
852 2 4
853 1 2
854 1 4
855 2 1
856 1 3
857 1 1
858 1 4
859 2 2
860 1 2
861 1 5
862 2 3
863 2 1
864 1 3
865 2 4
866 1 4
867 1 6
868 1 2
869 1 5
870 2 4
871 1 4
872 1 6
873 1 5
874 3 1
875 2 1
876 1 1
877 1 3
878 1 6
879 1 5
880 2 2
881 1 2
882 1 4
883 2 3
884 1 3
885 1 1
886 1 2
887 1 1
888 1 2
889 3 2
890 2 2
891 3 1
892 1 3
893 2 3
894 2 1
895 2 2
896 2 0
897 2 1
898 1 0
899 1 1
900 1 2
901 1 0
902 1 1
903 3 1
904 2 1
905 2 2
906 2 1
907 1 3
908 1 2
909 1 1
910 2 3
911 2 1
912 0 1
913 1 1
914 2 2
915 3 1
916 3 2
917 0 2
918 4 1
919 1 2
920 3 1
921 2 2
922 4 1
923 3 1
924 1 3
925 3 2
926 1 2
927 3 1
928 2 1
929 2 2
930 2 1
931 1 1
932 3 2
933 3 3
934 2 1
935 2 3
936 2 2
937 2 1
938 1 3
939 1 1
940 1 2
941 2 2
942 1 2
943 1 1
944 3 1
945 3 2
946 4 1
947 3 1
948 3 2
949 3 1
950 2 2
951 1 2
952 2 1
953 1 3
954 1 2
955 1 1
956 3 2
957 3 3
958 3 2
959 2 2
960 1 2
961 2 3
962 2 2
963 1 4
964 1 3
965 1 1
966 2 1
967 1 1
968 1 2
969 2 1
970 1 5
971 1 4
972 1 6
973 1 3
974 1 5
975 1 1
976 1 4
977 1 3
978 1 2
979 1 4
980 1 3
981 1 2
982 0 1
983 1 5
984 1 4
985 1 1
986 2 1
987 1 1
988 0 1
989 1 1
990 1 3
991 2 1
992 1 1
993 2 2
994 1 5
995 1 4
996 1 5
997 1 2
998 1 4
999 2 1
1000 0 1
1001 1 1
1002 1 3
1003 0 1
1004 1 1
1005 0 2
1006 2 2
1007 1 2
1008 2 1
1009 3 1
1010 0 1
1011 2 1
1012 1 0
1013 1 1
1014 1 0
1015 1 1
1016 0 1
1017 2 2
1018 2 1
1019 1 1
1020 2 0
1021 2 1
1022 3 0
1023 1 1
1024 1 2
1025 1 1
1026 0 2
1027 0 0
1028 0 1
1029 1 2
1030 1 1
1031 1 2
1032 2 1
1033 1 1
1034 2 2
1035 1 2
1036 3 1
1037 1 1
1038 3 2
1039 4 1
1040 3 1
1041 2 1
1042 3 1
1043 3 3
1044 2 1
1045 1 1
1046 3 2
1047 2 1
1048 0 1
1049 2 2
1050 2 3
1051 1 1
1052 3 1
1053 2 1
1054 1 2
1055 1 1
1056 3 1
1057 2 1
1058 0 1
1059 1 1
1060 2 2
1061 1 3
1062 3 2
1063 2 2
1064 1 2
1065 2 2
1066 3 1
1067 1 2
1068 2 1
1069 1 1
1070 2 0
1071 2 1
1072 1 2
1073 3 2
1074 0 1
1075 3 1
1076 2 2
1077 2 1
1078 3 2
1079 1 1
1080 2 2
1081 1 2
1082 3 1
1083 1 1
1084 1 3
1085 1 2
1086 2 1
1087 1 1
1088 2 2
1089 2 1
1090 3 2
1091 1 1
1092 1 2
1093 2 1
1094 1 4
1095 2 2
1096 3 1
1097 1 2
1098 1 1
1099 1 3
1100 1 5
1101 1 4
1102 1 2
1103 1 5
1104 1 1
1105 1 4
1106 1 3
1107 3 2
1108 1 4
1109 2 3
1110 3 1
1111 3 2
1112 1 3
1113 1 2
1114 1 3
1115 2 4
1116 1 2
1117 2 1
1118 2 2
1119 1 1
1120 2 3
1121 3 3
1122 3 1
1123 1 2
1124 2 3
1125 1 3
1126 1 2
1127 1 3
1128 2 3
1129 2 1
1130 1 4
1131 1 1
1132 1 2
1133 1 1
1134 3 1
1135 2 1
1136 2 2
1137 4 1
1138 3 1
1139 1 3
1140 2 4
1141 2 3
1142 1 2
1143 2 1
1144 2 2
1145 1 1
1146 1 3
1147 1 2
1148 1 4
1149 1 3
1150 2 1
1151 1 1
1152 1 5
1153 2 1
1154 2 2
1155 1 2
1156 1 4
1157 2 4
1158 2 3
1159 3 3
1160 1 4
1161 2 3
1162 3 2
1163 1 3
1164 1 1
1165 1 2
1166 1 4
1167 2 4
1168 1 4
1169 3 3
1170 2 4
1171 3 2
1172 3 1
1173 2 1
1174 1 5
1175 1 4
1176 2 3
1177 2 4
1178 2 3
1179 2 2
1180 2 4
1181 2 1
1182 2 2
1183 1 1
1184 2 3
1185 2 1
1186 1 3
1187 1 2
1188 2 4
1189 1 4
1190 1 5
1191 1 4
1192 2 3
1193 1 3
1194 1 4
1195 1 3
1196 2 4
1197 2 5
1198 3 3
1199 3 2
# colocadas=1200 ocupadas=4 mayor=1575
