0 1 1
1 0 0
2 1 3
3 0 3
4 1 2
5 0 4
6 0 3
7 1 4
8 0 1
9 1 5
10 0 5
11 0 6
12 0 5
13 2 2
14 0 6
15 1 2
16 0 4
17 1 3
18 1 2
19 0 3
20 0 5
21 0 6
22 0 0
23 0 1
24 0 4
25 1 3
26 0 0
27 0 5
28 0 4
29 0 3
30 1 2
31 0 1
32 0 4
33 0 7
34 0 3
35 0 4
36 0 3
37 0 0
38 1 1
39 1 2
40 1 1
41 1 2
42 0 1
43 0 4
44 0 6
45 1 3
46 1 2
47 0 7
48 0 0
49 0 2
50 0 5
51 1 0
52 0 0
53 1 0
54 0 8
55 0 1
56 0 2
57 0 0
58 0 7
59 0 8
60 0 7
61 0 3
62 0 8
63 0 1
64 0 7
65 1 3
66 0 3
67 0 0
68 0 1
69 1 5
70 0 6
71 1 4
72 1 5
73 0 0
74 0 1
75 0 4
76 0 7
77 0 6
78 0 3
79 0 4
80 2 5
81 0 3
82 1 5
83 0 7
84 0 0
85 0 6
86 0 2
87 0 7
88 0 6
89 1 0
90 0 1
91 2 0
92 0 7
93 0 6
94 1 4
95 0 5
96 0 0
97 0 6
98 0 4
99 0 3
100 0 2
101 0 3
102 2 1
103 1 1
104 0 1
105 1 0
106 2 0
107 0 0
108 0 5
109 2 1
110 0 2
111 1 0
112 0 4
113 0 0
114 1 0
115 0 0
116 1 1
117 2 1
118 1 1
119 0 5
120 1 0
121 0 0
122 0 4
123 0 5
124 0 4
125 1 0
126 2 1
127 0 1
128 0 0
129 2 0
130 2 1
131 0 3
132 2 0
133 0 4
134 0 3
135 0 4
136 0 3
137 1 0
138 0 0
139 0 2
140 1 1
141 1 2
142 0 1
143 1 0
144 2 0
145 1 0
146 1 3
147 0 3
148 0 4
149 2 0
150 0 0
151 0 1
152 0 5
153 0 0
154 2 1
155 0 1
156 2 0
157 0 3
158 1 3
159 1 0
160 2 0
161 0 0
162 2 1
163 0 1
164 0 4
165 1 2
166 2 0
167 1 0
168 0 3
169 2 2
170 1 2
171 0 4
172 0 3
173 0 4
174 2 0
175 0 0
176 0 2
177 2 1
178 1 2
179 0 2
180 1 1
181 0 5
182 2 1
183 0 3
184 0 6
185 0 2
186 1 1
187 0 3
188 0 2
189 0 5
190 1 0
191 2 1
192 0 0
193 1 0
194 0 0
195 0 3
196 0 1
197 0 0
198 0 6
199 0 2
200 0 3
201 1 1
202 0 1
203 0 5
204 0 0
205 0 2
206 2 1
207 1 0
208 0 1
209 0 0
210 0 2
211 1 1
212 2 1
213 0 4
214 1 1
215 0 3
216 1 2
217 1 1
218 0 1
219 0 5
220 0 0
221 0 2
222 1 0
223 0 4
224 0 0
225 1 0
226 0 1
227 0 3
228 0 4
229 0 3
230 0 4
231 0 3
232 0 2
233 0 0
234 1 2
235 0 1
236 0 0
237 0 4
238 0 1
239 1 0
240 1 3
241 0 5
242 0 2
243 0 4
244 0 0
245 2 3
246 1 3
247 2 3
248 1 0
249 0 1
250 2 0
251 0 0
252 1 3
253 1 2
254 0 3
255 0 4
256 2 1
257 0 3
258 2 0
259 0 1
260 1 0
261 2 0
262 0 4
263 0 0
264 2 1
265 0 1
266 0 0
267 0 1
268 1 3
269 0 5
270 0 3
271 0 0
272 0 2
273 0 3
274 0 6
275 0 1
276 2 0
277 0 0
278 2 1
279 0 1
280 0 0
281 0 2
282 0 5
283 1 1
284 2 1
285 1 0
286 0 0
287 1 0
288 0 4
289 0 5
290 0 4
291 0 5
292 0 4
293 0 1
294 0 0
295 2 0
296 0 2
297 2 1
298 0 5
299 1 1
300 0 4
301 2 1
302 1 1
303 0 3
304 0 1
305 0 0
306 1 2
307 1 1
308 0 5
309 1 2
310 0 2
311 0 3
312 0 2
313 0 3
314 0 1
315 0 4
316 0 3
317 2 2
318 0 0
319 0 6
320 1 2
321 0 5
322 0 1
323 0 0
324 0 2
325 0 4
326 0 3
327 0 1
328 0 0
329 1 1
330 0 2
331 0 3
332 0 2
333 1 0
334 0 1
335 0 2
336 0 0
337 1 0
338 0 0
339 2 1
340 0 5
341 0 4
342 0 5
343 1 0
344 0 0
345 0 3
346 0 2
347 0 4
348 1 0
349 0 5
350 2 2
351 0 4
352 2 1
353 0 5
354 0 4
355 0 1
356 2 2
357 2 0
358 0 0
359 3 0
360 1 2
361 2 0
362 0 2
363 1 2
364 0 1
365 0 0
366 2 1
367 0 3
368 2 0
369 0 1
370 1 0
371 2 2
372 1 2
373 0 4
374 0 3
375 2 0
376 0 4
377 1 0
378 1 3
379 1 2
380 0 0
381 0 3
382 0 1
383 2 0
384 2 2
385 1 2
386 0 4
387 0 3
388 0 4
389 1 3
390 1 2
391 0 3
392 0 4
393 0 0
394 0 1
395 1 3
396 1 0
397 0 5
398 2 0
399 0 4
400 0 0
401 1 2
402 0 2
403 2 1
404 1 0
405 0 5
406 0 1
407 0 2
408 0 1
409 0 2
410 0 4
411 0 5
412 0 1
413 0 2
414 2 2
415 2 1
416 0 1
417 0 4
418 0 0
419 2 0
420 1 0
421 0 2
422 2 1
423 2 2
424 0 0
425 1 0
426 0 0
427 0 5
428 2 1
429 0 4
430 1 2
431 0 1
432 0 3
433 0 4
434 0 0
435 2 0
436 0 2
437 1 2
438 0 1
439 0 0
440 2 1
441 0 1
442 0 3
443 2 0
444 0 4
445 1 0
446 2 0
447 1 0
448 2 0
449 1 3
450 0 5
451 0 3
452 0 6
453 0 4
454 0 3
455 1 0
456 2 0
457 1 0
458 0 2
459 0 0
460 1 2
461 0 5
462 0 6
463 0 1
464 0 4
465 0 7
466 0 6
467 0 3
468 0 4
469 0 0
470 0 1
471 0 7
472 0 3
473 0 0
474 0 6
475 0 4
476 0 2
477 1 0
478 1 4
479 0 4
480 1 4
481 0 1
482 2 0
483 0 5
484 0 0
485 0 1
486 0 6
487 0 4
488 1 0
489 2 0
490 0 7
491 1 0
492 0 2
493 0 0
494 0 6
495 1 0
496 1 4
497 0 1
498 0 5
499 0 6
500 0 5
501 1 3
502 2 0
503 0 4
504 0 5
505 1 0
506 0 2
507 1 4
508 1 3
509 0 1
510 2 0
511 0 4
512 1 2
513 1 0
514 0 3
515 2 2
516 0 0
517 0 1
518 1 2
519 2 0
520 0 4
521 0 0
522 0 2
523 2 1
524 1 2
525 0 1
526 1 3
527 0 0
528 0 1
529 2 0
530 0 0
531 1 2
532 0 1
533 1 3
534 1 0
535 0 5
536 0 2
537 0 1
538 0 4
539 0 5
540 0 2
541 1 4
542 1 3
543 0 4
544 0 1
545 0 2
546 2 3
547 0 0
548 0 5
549 1 3
550 0 4
551 0 1
552 1 2
553 0 3
554 2 2
555 1 1
556 0 2
557 0 3
558 0 1
559 1 2
560 0 4
561 1 3
562 1 2
563 1 3
564 1 2
565 0 3
566 1 0
567 2 0
568 0 0
569 0 1
570 0 4
571 0 0
572 2 1
573 0 3
574 1 1
575 1 2
576 0 1
577 0 4
578 0 3
579 1 3
580 0 4
581 2 0
582 0 0
583 0 1
584 1 0
585 1 2
586 0 0
587 2 0
588 2 1
589 0 1
590 1 3
591 0 5
592 2 0
593 0 4
594 0 5
595 1 0
596 0 3
597 2 0
598 0 6
599 1 0
600 0 5
601 0 6
602 0 4
603 0 3
604 2 0
605 0 0
606 0 2
607 0 5
608 0 3
609 0 2
610 0 4
611 2 1
612 1 2
613 0 2
614 1 0
615 0 0
616 1 2
617 0 1
618 2 0
619 0 3
620 1 0
621 2 0
622 1 0
623 0 4
624 1 3
625 0 2
626 0 0
627 1 0
628 0 0
629 1 0
630 0 5
631 1 4
632 0 1
633 2 0
634 0 6
635 0 5
636 1 0
637 1 3
638 0 2
639 0 4
640 0 5
641 0 0
642 1 0
643 0 1
644 0 2
645 1 4
646 0 6
647 0 1
648 2 0
649 0 0
650 0 1
651 0 0
652 0 5
653 2 1
654 0 6
655 1 1
656 0 5
657 0 6
658 0 1
659 0 5
660 1 0
661 2 0
662 0 0
663 1 3
664 2 1
665 1 1
666 0 1
667 1 0
668 2 0
669 0 3
670 1 3
671 0 0
672 0 3
673 0 1
674 1 3
675 0 3
676 1 3
677 0 4
678 0 0
679 0 1
680 0 5
681 0 0
682 2 1
683 0 1
684 2 0
685 0 0
686 0 4
687 0 5
688 2 1
689 1 1
690 0 1
691 0 4
692 1 0
693 1 2
694 2 0
695 0 0
696 0 2
697 1 2
698 0 2
699 1 2
700 2 1
701 0 2
702 1 2
703 0 2
704 0 5
705 1 0
706 0 4
707 2 2
708 0 0
709 2 1
710 1 0
711 0 0
712 0 5
713 1 0
714 2 2
715 0 0
716 0 4
717 1 0
718 0 1
719 1 2
720 1 3
721 2 0
722 0 5
723 0 4
724 1 0
725 0 2
726 0 5
727 0 4
728 2 3
729 0 0
730 1 0
731 1 3
732 0 1
733 2 0
734 0 5
735 0 4
736 0 5
737 1 0
738 0 3
739 0 6
740 0 5
741 0 0
742 0 1
743 1 3
744 0 3
745 1 3
746 0 2
747 0 1
748 0 2
749 1 4
750 0 6
751 0 5
752 0 6
753 0 1
754 0 2
755 0 5
756 0 6
757 0 5
758 1 3
759 0 4
760 0 1
761 2 0
762 1 0
763 1 2
764 1 3
765 0 2
766 0 1
767 0 5
768 0 2
769 0 1
770 0 4
771 0 2
772 0 5
773 0 1
774 0 2
775 0 0
776 0 1
777 0 4
778 0 2
779 0 5
780 0 1
781 0 2
782 1 0
783 1 4
784 0 6
785 0 1
786 2 0
787 0 5
788 1 3
789 1 0
790 0 4
791 0 5
792 0 3
793 0 6
794 0 4
795 0 2
796 0 7
797 0 5
798 0 0
799 0 8
800 1 0
801 0 0
802 1 0
803 0 4
804 0 0
805 1 2
806 0 3
807 0 1
808 0 0
809 0 4
810 0 2
811 0 5
812 0 7
813 0 3
814 0 8
815 0 1
816 0 6
817 0 5
818 0 6
819 0 4
820 0 3
821 0 4
822 0 3
823 0 9
824 0 5
825 0 0
826 0 6
827 0 5
828 0 1
829 0 6
830 0 8
831 0 9
832 0 8
833 0 5
834 1 3
835 0 3
836 0 0
837 0 2
838 0 7
839 0 3
840 0 2
841 0 8
842 0 3
843 0 2
844 0 4
845 0 5
846 1 0
847 0 0
848 1 0
849 0 0
850 0 4
851 1 0
852 0 1
853 0 2
854 0 5
855 0 0
856 0 3
857 0 2
858 0 4
859 0 7
860 1 2
861 0 6
862 0 7
863 0 6
864 0 1
865 0 3
866 0 0
867 0 5
868 0 1
869 2 2
870 0 6
871 0 5
872 1 3
873 0 4
874 0 5
875 2 1
876 0 4
877 0 0
878 0 1
879 2 0
880 1 0
881 0 2
882 2 3
883 0 1
884 1 3
885 2 0
886 1 2
887 0 3
888 0 4
889 0 0
890 0 1
891 0 3
892 1 0
893 0 4
894 0 2
895 0 5
896 0 0
897 0 4
898 0 1
899 0 2
900 0 5
901 0 4
902 0 5
903 1 0
904 1 3
905 0 4
906 0 1
907 2 0
908 1 2
909 1 3
910 1 2
911 1 3
912 0 0
913 0 1
914 1 2
915 1 0
916 2 0
917 1 3
918 1 0
919 1 2
920 0 3
921 0 0
922 0 1
923 0 0
924 0 1
925 2 2
926 0 0
927 0 2
928 0 1
929 2 0
930 1 0
931 2 0
932 2 3
933 1 0
934 0 3
935 2 0
936 0 0
937 0 2
938 0 1
939 1 0
940 2 0
941 1 0
942 0 3
943 2 2
944 2 0
945 0 4
946 1 0
947 1 2
948 2 0
949 0 0
950 0 3
951 0 4
952 0 1
953 1 0
954 0 0
955 0 3
956 2 2
957 1 2
958 2 0
959 1 1
960 3 0
961 0 1
962 0 0
963 0 2
964 2 1
965 1 0
966 4 0
967 0 0
968 0 3
969 0 1
970 0 0
971 0 1
972 2 0
973 0 4
974 4 1
975 3 1
976 1 0
977 2 1
978 2 2
979 2 0
980 1 0
981 1 2
982 1 3
983 0 2
984 0 1
985 1 2
986 1 3
987 2 0
988 1 2
989 1 3
990 0 5
991 1 0
992 0 3
993 2 0
994 1 3
995 0 3
996 1 3
997 1 0
998 0 2
999 0 0
1000 1 0
1001 0 4
1002 0 5
1003 0 4
1004 0 0
1005 2 3
1006 1 2
1007 0 1
1008 0 0
1009 0 1
1010 2 4
1011 2 3
1012 0 0
1013 2 4
1014 0 1
1015 1 3
1016 1 2
1017 0 3
1018 1 4
1019 0 0
1020 0 4
1021 0 3
1022 1 1
1023 1 2
1024 0 1
1025 1 5
1026 2 2
1027 0 5
1028 1 2
1029 0 6
1030 0 0
1031 0 1
1032 0 5
1033 0 6
1034 0 5
1035 0 4
1036 0 3
1037 0 0
1038 1 1
1039 0 1
1040 0 0
1041 1 2
1042 0 4
1043 0 3
1044 0 1
1045 0 0
1046 1 1
1047 0 1
1048 1 3
1049 0 0
1050 0 1
1051 0 4
1052 0 5
1053 0 3
1054 1 3
1055 1 0
1056 0 4
1057 0 5
1058 0 2
1059 0 1
1060 0 2
1061 0 4
1062 2 3
1063 0 1
1064 0 2
1065 0 0
1066 1 0
1067 0 0
1068 1 0
1069 0 1
1070 1 3
1071 0 2
1072 0 1
1073 0 5
1074 0 4
1075 0 2
1076 0 1
1077 0 2
1078 0 5
1079 0 4
1080 0 0
1081 0 1
1082 0 2
1083 0 1
1084 1 2
1085 0 3
1086 1 1
1087 0 4
1088 2 1
1089 2 0
1090 0 1
1091 0 0
1092 0 1
1093 1 3
1094 1 2
1095 1 0
1096 0 3
1097 0 4
1098 0 2
1099 0 1
1100 2 0
1101 0 0
1102 2 1
1103 0 1
1104 1 3
1105 2 0
1106 0 5
1107 1 0
1108 0 4
1109 2 0
1110 1 2
1111 0 0
1112 0 1
1113 1 0
1114 0 3
1115 0 0
1116 0 1
1117 0 0
1118 2 2
1119 0 1
1120 0 0
1121 0 2
1122 2 1
1123 0 1
1124 0 0
1125 1 1
1126 2 0
1127 2 1
1128 0 1
1129 0 0
1130 0 3
1131 1 1
1132 3 0
1133 1 2
1134 0 1
1135 2 0
1136 1 0
1137 0 0
1138 2 0
1139 1 1
1140 3 0
1141 1 2
1142 0 1
1143 0 4
1144 1 3
1145 1 2
1146 0 0
1147 2 0
1148 0 1
1149 1 0
1150 1 3
1151 1 2
1152 2 0
1153 1 0
1154 1 3
1155 1 2
1156 0 0
1157 0 2
1158 1 1
1159 1 2
1160 0 3
1161 0 4
1162 0 1
1163 1 3
1164 1 0
1165 0 2
1166 0 5
1167 1 4
1168 1 3
1169 1 4
1170 1 3
1171 0 0
1172 1 4
1173 1 3
1174 1 4
1175 0 6
1176 1 0
1177 0 1
1178 2 0
1179 0 5
1180 0 0
1181 2 1
1182 1 3
1183 1 1
1184 0 3
1185 0 2
1186 0 4
1187 2 1
1188 0 5
1189 0 3
1190 0 6
1191 0 2
1192 1 1
1193 1 0
1194 0 3
1195 0 0
1196 0 2
1197 0 3
1198 0 1
1199 1 0
# colocadas=1200 ocupadas=4 mayor=1554
