0 1 1
1 0 1
2 0 3
3 1 2
4 0 0
5 1 4
6 1 1
7 1 5
8 1 2
9 0 1
10 0 5
11 0 6
12 0 4
13 0 3
14 0 4
15 0 3
16 0 4
17 1 3
18 0 3
19 0 5
20 1 2
21 2 2
22 1 3
23 0 4
24 0 3
25 1 2
26 2 2
27 0 5
28 0 6
29 0 4
30 0 3
31 0 5
32 1 2
33 0 6
34 0 4
35 1 3
36 1 2
37 0 3
38 0 0
39 1 1
40 0 1
41 0 4
42 0 3
43 0 0
44 0 1
45 1 0
46 0 4
47 0 2
48 0 1
49 0 2
50 0 1
51 2 0
52 0 3
53 0 0
54 0 1
55 0 4
56 0 0
57 0 1
58 1 0
59 0 2
60 0 7
61 0 1
62 0 6
63 0 7
64 0 2
65 0 1
66 0 6
67 0 7
68 2 0
69 1 0
70 2 0
71 0 0
72 0 3
73 2 1
74 0 2
75 0 3
76 0 6
77 0 1
78 0 4
79 0 0
80 0 1
81 2 0
82 0 7
83 0 0
84 0 1
85 0 6
86 0 0
87 0 1
88 0 0
89 0 1
90 0 3
91 0 4
92 0 7
93 1 0
94 0 6
95 0 3
96 0 5
97 0 0
98 0 6
99 0 2
100 0 5
101 0 1
102 0 0
103 1 1
104 2 1
105 0 4
106 1 0
107 0 1
108 0 3
109 0 4
110 0 3
111 0 0
112 2 0
113 2 1
114 1 0
115 0 4
116 0 0
117 0 3
118 0 2
119 0 4
120 1 1
121 1 0
122 2 1
123 0 1
124 0 0
125 1 0
126 2 2
127 0 3
128 1 2
129 0 4
130 0 3
131 0 4
132 0 3
133 0 0
134 2 2
135 0 2
136 1 1
137 2 3
138 1 0
139 2 1
140 3 1
141 1 3
142 0 0
143 0 1
144 0 3
145 1 0
146 0 0
147 0 2
148 1 1
149 0 3
150 1 2
151 1 1
152 0 2
153 1 0
154 3 0
155 2 1
156 4 0
157 0 1
158 0 2
159 0 0
160 0 3
161 1 1
162 1 2
163 0 1
164 0 4
165 0 0
166 3 0
167 0 1
168 0 0
169 2 0
170 0 2
171 1 2
172 0 2
173 1 0
174 0 5
175 0 1
176 0 2
177 0 4
178 0 0
179 2 1
180 0 5
181 0 4
182 1 0
183 2 2
184 0 1
185 0 3
186 1 2
187 2 0
188 1 0
189 0 0
190 0 4
191 2 0
192 0 3
193 2 1
194 0 1
195 2 0
196 1 0
197 0 4
198 0 3
199 0 4
200 0 3
201 2 2
202 0 2
203 0 1
204 1 2
205 2 2
206 2 0
207 0 0
208 0 2
209 2 3
210 2 1
211 1 0
212 0 1
213 0 2
214 0 1
215 3 1
216 0 2
217 0 0
218 1 0
219 0 1
220 1 3
221 2 1
222 0 2
223 0 1
224 0 0
225 0 2
226 1 1
227 0 3
228 0 2
229 0 3
230 1 4
231 0 2
232 2 1
233 0 3
234 1 1
235 1 5
236 0 2
237 1 0
238 0 5
239 0 0
240 0 4
241 0 5
242 0 3
243 1 2
244 0 4
245 0 1
246 0 3
247 2 2
248 0 0
249 0 2
250 1 0
251 0 1
252 0 4
253 2 0
254 1 0
255 0 2
256 0 5
257 0 0
258 2 1
259 0 3
260 0 2
261 0 4
262 1 1
263 0 5
264 2 1
265 0 3
266 0 6
267 1 1
268 1 2
269 1 1
270 1 2
271 0 5
272 0 1
273 0 0
274 1 1
275 1 2
276 0 2
277 0 3
278 0 1
279 0 0
280 0 6
281 1 1
282 1 2
283 0 5
284 0 1
285 0 6
286 0 5
287 0 0
288 0 6
289 0 4
290 0 1
291 0 3
292 0 5
293 0 6
294 0 5
295 0 0
296 0 1
297 0 4
298 0 0
299 0 6
300 0 1
301 1 3
302 0 5
303 0 3
304 1 3
305 0 3
306 1 5
307 0 7
308 0 5
309 1 3
310 0 0
311 0 1
312 0 8
313 0 0
314 0 1
315 0 7
316 0 8
317 0 3
318 0 7
319 0 0
320 0 8
321 0 7
322 0 1
323 1 3
324 0 0
325 0 4
326 0 6
327 1 2
328 0 2
329 0 7
330 0 6
331 1 2
332 0 3
333 1 1
334 0 1
335 0 0
336 1 2
337 0 4
338 0 2
339 1 0
340 0 1
341 0 2
342 1 4
343 0 0
344 0 3
345 0 1
346 0 0
347 1 5
348 0 7
349 0 1
350 0 6
351 1 4
352 0 4
353 0 3
354 0 5
355 0 0
356 0 1
357 1 3
358 0 3
359 0 6
360 0 2
361 0 0
362 1 0
363 0 4
364 0 1
365 2 0
366 0 7
367 1 0
368 0 2
369 0 6
370 0 1
371 0 2
372 1 4
373 0 0
374 0 5
375 0 6
376 0 5
377 0 3
378 0 2
379 1 3
380 1 4
381 1 3
382 0 1
383 0 2
384 1 4
385 0 6
386 0 5
387 1 0
388 1 3
389 0 4
390 2 3
391 0 5
392 0 1
393 0 4
394 1 3
395 0 5
396 0 3
397 0 6
398 0 5
399 1 3
400 0 2
401 0 0
402 0 4
403 0 1
404 1 2
405 0 3
406 1 1
407 2 1
408 0 1
409 0 4
410 1 3
411 1 2
412 0 3
413 0 0
414 0 4
415 0 3
416 0 1
417 0 0
418 0 4
419 0 3
420 0 2
421 0 4
422 1 1
423 1 0
424 2 1
425 2 2
426 0 5
427 2 1
428 2 2
429 2 1
430 0 1
431 0 4
432 0 0
433 2 0
434 2 1
435 2 0
436 2 1
437 0 2
438 1 2
439 2 0
440 2 1
441 0 3
442 2 0
443 1 1
444 3 0
445 1 2
446 2 0
447 0 1
448 2 2
449 1 0
450 0 0
451 0 2
452 1 1
453 1 0
454 1 1
455 2 3
456 1 3
457 1 0
458 0 0
459 2 1
460 1 0
461 1 4
462 2 2
463 0 4
464 0 1
465 0 2
466 2 1
467 0 1
468 0 3
469 0 4
470 0 0
471 0 2
472 1 1
473 1 0
474 0 1
475 0 3
476 0 4
477 2 0
478 0 0
479 1 2
480 0 1
481 1 0
482 0 3
483 0 4
484 1 3
485 1 2
486 0 2
487 0 0
488 1 0
489 0 5
490 0 0
491 1 0
492 1 3
493 1 4
494 0 0
495 1 0
496 1 3
497 0 4
498 0 0
499 2 3
500 1 0
501 0 0
502 1 2
503 0 1
504 0 3
505 1 1
506 0 4
507 0 3
508 0 4
509 1 3
510 1 0
511 0 2
512 2 3
513 0 5
514 1 3
515 0 0
516 0 4
517 1 0
518 0 1
519 1 2
520 0 0
521 0 2
522 1 1
523 0 3
524 0 1
525 0 5
526 1 0
527 0 2
528 0 0
529 1 0
530 0 0
531 1 0
532 0 1
533 0 2
534 0 1
535 2 0
536 0 6
537 1 0
538 2 0
539 0 4
540 0 7
541 0 6
542 1 0
543 2 0
544 1 0
545 0 7
546 0 6
547 0 2
548 0 1
549 0 7
550 0 2
551 0 1
552 2 0
553 0 3
554 0 6
555 1 0
556 0 2
557 0 1
558 0 2
559 0 0
560 1 2
561 0 1
562 0 5
563 2 2
564 1 3
565 0 3
566 0 6
567 0 0
568 0 1
569 0 0
570 0 5
571 1 2
572 0 4
573 0 1
574 1 3
575 1 2
576 1 3
577 0 6
578 0 3
579 0 0
580 0 1
581 0 0
582 0 2
583 1 4
584 0 5
585 1 3
586 0 4
587 2 3
588 0 5
589 0 3
590 0 2
591 0 4
592 1 3
593 0 5
594 0 3
595 0 1
596 0 6
597 0 4
598 0 3
599 0 5
600 1 2
601 0 0
602 1 1
603 1 2
604 1 1
605 0 2
606 1 0
607 0 3
608 0 0
609 1 2
610 0 1
611 0 0
612 0 6
613 1 1
614 1 2
615 1 1
616 0 5
617 0 6
618 1 2
619 0 4
620 0 1
621 0 3
622 0 5
623 0 0
624 0 6
625 0 4
626 0 2
627 0 7
628 0 6
629 0 7
630 0 6
631 1 4
632 0 3
633 1 5
634 1 4
635 0 1
636 0 0
637 0 1
638 0 2
639 0 0
640 0 3
641 1 5
642 0 7
643 0 1
644 0 4
645 0 0
646 0 1
647 0 6
648 0 0
649 0 7
650 0 1
651 0 3
652 0 0
653 0 2
654 0 5
655 1 0
656 0 0
657 0 3
658 0 2
659 0 3
660 0 2
661 0 3
662 0 8
663 0 1
664 1 3
665 0 0
666 0 4
667 1 2
668 0 3
669 0 1
670 2 2
671 0 7
672 0 6
673 0 5
674 1 3
675 2 1
676 0 4
677 1 2
678 2 0
679 1 0
680 1 3
681 2 0
682 0 0
683 1 2
684 0 2
685 2 1
686 1 1
687 0 5
688 0 4
689 2 1
690 0 5
691 0 4
692 1 0
693 0 0
694 0 5
695 0 3
696 1 1
697 1 2
698 0 1
699 0 0
700 0 1
701 0 4
702 0 0
703 0 2
704 1 2
705 0 1
706 0 6
707 1 3
708 1 2
709 1 3
710 0 0
711 0 3
712 0 1
713 1 2
714 0 0
715 0 5
716 1 1
717 0 1
718 0 6
719 0 0
720 1 2
721 0 4
722 0 2
723 1 4
724 1 0
725 0 4
726 0 0
727 1 0
728 1 4
729 0 4
730 0 0
731 1 4
732 1 0
733 0 5
734 1 3
735 0 1
736 2 0
737 0 4
738 0 0
739 1 2
740 0 1
741 1 0
742 2 0
743 0 0
744 0 2
745 2 1
746 1 0
747 0 1
748 0 0
749 1 0
750 2 2
751 2 0
752 0 0
753 1 2
754 0 3
755 2 1
756 0 2
757 1 0
758 2 2
759 2 1
760 2 2
761 0 1
762 1 2
763 0 4
764 0 3
765 0 4
766 0 0
767 0 2
768 0 5
769 0 3
770 0 2
771 0 1
772 2 0
773 0 3
774 1 0
775 0 6
776 0 4
777 0 7
778 0 6
779 0 7
780 0 3
781 0 2
782 0 1
783 2 0
784 1 0
785 2 0
786 0 6
787 0 0
788 0 5
789 0 2
790 0 4
791 0 5
792 1 0
793 0 4
794 0 1
795 0 3
796 0 4
797 0 3
798 2 1
799 2 2
800 1 2
801 0 0
802 0 4
803 0 2
804 1 2
805 0 2
806 1 2
807 0 2
808 0 5
809 0 1
810 2 0
811 0 4
812 0 5
813 0 3
814 1 3
815 0 3
816 0 6
817 0 4
818 1 0
819 0 2
820 0 0
821 1 0
822 0 1
823 0 7
824 0 6
825 0 2
826 0 0
827 1 2
828 0 1
829 0 7
830 0 6
831 0 3
832 0 4
833 0 7
834 1 3
835 1 2
836 0 3
837 0 4
838 1 3
839 0 5
840 0 4
841 1 2
842 0 3
843 0 6
844 0 5
845 0 6
846 0 4
847 0 0
848 0 2
849 0 7
850 1 2
851 0 1
852 0 6
853 0 3
854 2 2
855 1 2
856 0 5
857 0 4
858 0 3
859 0 6
860 2 2
861 0 4
862 0 3
863 0 4
864 1 2
865 0 3
866 0 4
867 0 7
868 0 3
869 2 2
870 1 2
871 0 6
872 2 2
873 1 2
874 2 2
875 0 0
876 0 2
877 2 1
878 1 0
879 0 5
880 0 1
881 0 4
882 0 3
883 0 0
884 0 2
885 1 2
886 2 0
887 0 1
888 1 0
889 2 0
890 0 4
891 0 0
892 0 2
893 1 0
894 0 1
895 0 2
896 0 1
897 0 0
898 1 0
899 2 1
900 0 3
901 0 4
902 2 2
903 0 3
904 2 0
905 1 2
906 2 2
907 1 2
908 0 0
909 0 4
910 0 3
911 0 1
912 0 0
913 0 4
914 2 1
915 0 1
916 2 0
917 0 0
918 2 1
919 0 1
920 0 0
921 0 2
922 0 5
923 0 4
924 0 5
925 1 0
926 0 0
927 0 3
928 0 2
929 1 1
930 2 1
931 1 1
932 1 0
933 0 4
934 0 1
935 1 2
936 2 0
937 0 0
938 0 3
939 1 1
940 0 1
941 0 0
942 1 2
943 1 1
944 0 2
945 1 3
946 2 1
947 0 1
948 0 3
949 0 4
950 3 0
951 4 0
952 3 0
953 2 2
954 0 3
955 1 1
956 2 0
957 3 0
958 0 2
959 1 0
960 2 1
961 4 0
962 0 1
963 2 2
964 3 0
965 3 1
966 3 0
967 0 2
968 3 1
969 2 3
970 1 3
971 1 4
972 0 4
973 0 5
974 0 1
975 2 0
976 0 4
977 0 3
978 0 0
979 0 2
980 1 0
981 3 2
982 0 1
983 2 2
984 0 0
985 1 0
986 3 0
987 0 0
988 2 0
989 3 0
990 1 0
991 0 2
992 2 1
993 0 1
994 4 0
995 3 0
996 0 2
997 4 0
998 0 0
999 3 0
1000 1 0
1001 2 2
1002 2 1
1003 0 1
1004 4 0
1005 3 0
1006 4 0
1007 0 2
1008 2 2
1009 0 1
1010 1 2
1011 2 0
1012 1 3
1013 4 1
1014 0 3
1015 0 4
1016 1 0
1017 0 2
1018 0 5
1019 0 1
1020 2 0
1021 0 0
1022 2 1
1023 0 4
1024 4 0
1025 0 1
1026 0 3
1027 2 0
1028 4 1
1029 0 0
1030 3 1
1031 0 2
1032 1 0
1033 3 2
1034 2 2
1035 0 0
1036 0 3
1037 3 0
1038 0 1
1039 0 0
1040 0 2
1041 2 0
1042 2 3
1043 1 3
1044 2 1
1045 0 1
1046 1 0
1047 0 3
1048 0 0
1049 0 2
1050 1 1
1051 0 3
1052 0 2
1053 1 0
1054 0 3
1055 0 2
1056 0 3
1057 0 1
1058 0 0
1059 0 1
1060 0 0
1061 0 4
1062 1 0
1063 0 3
1064 0 4
1065 2 0
1066 0 0
1067 3 0
1068 4 0
1069 3 0
1070 0 1
1071 2 2
1072 2 0
1073 1 0
1074 0 2
1075 0 0
1076 0 1
1077 0 2
1078 0 5
1079 0 3
1080 0 6
1081 0 5
1082 0 1
1083 1 2
1084 0 4
1085 0 0
1086 0 2
1087 1 0
1088 1 4
1089 1 3
1090 0 4
1091 0 5
1092 0 1
1093 2 0
1094 0 3
1095 1 3
1096 0 3
1097 0 0
1098 0 6
1099 2 1
1100 0 5
1101 0 1
1102 2 0
1103 1 3
1104 1 0
1105 2 0
1106 0 0
1107 0 4
1108 2 1
1109 1 1
1110 0 1
1111 0 5
1112 0 0
1113 0 1
1114 0 3
1115 1 3
1116 0 0
1117 2 1
1118 1 1
1119 0 3
1120 0 2
1121 0 4
1122 1 0
1123 0 5
1124 0 0
1125 2 1
1126 0 3
1127 0 2
1128 0 4
1129 0 5
1130 0 4
1131 1 0
1132 0 0
1133 1 1
1134 0 3
1135 1 2
1136 0 5
1137 1 1
1138 0 1
1139 1 3
1140 0 3
1141 1 3
1142 0 3
1143 0 0
1144 0 2
1145 0 4
1146 0 3
1147 0 1
1148 0 5
1149 1 0
1150 0 2
1151 0 1
1152 2 0
1153 1 0
1154 0 2
1155 0 0
1156 1 2
1157 0 1
1158 2 2
1159 0 0
1160 0 2
1161 0 3
1162 0 1
1163 1 2
1164 0 6
1165 0 5
1166 0 6
1167 2 2
1168 1 2
1169 0 5
1170 0 0
1171 0 1
1172 0 4
1173 1 3
1174 0 0
1175 0 6
1176 0 5
1177 0 1
1178 0 3
1179 1 5
1180 0 0
1181 0 7
1182 0 6
1183 1 4
1184 1 5
1185 0 1
1186 0 4
1187 0 7
1188 0 3
1189 0 6
1190 0 7
1191 0 6
1192 0 0
1193 0 7
1194 0 5
1195 0 8
1196 0 6
1197 0 2
1198 1 0
1199 0 5
# colocadas=1200 ocupadas=4 mayor=1542
